solutions/ex16/AUSG1990.19I
     1.1            I                   GNS                 IONEX VERSION / TYPE
AUSACS              Geoscience Australia2022-02-23 13:43:38 PGM / RUN BY / DATE
  COSZ                                                      MAPPING FUNCTION
    10.0                                                    ELEVATION CUTOFF
  6378.1                                                    BASE RADIUS
     2                                                      MAP DIMENSION
   450.0 450.0   0.0                                        HGT1 / HGT2 / DHGT
    70.0 -70.0  -5.0                                        LAT1 / LAT2 / DLAT
  -175.0 180.0   5.0                                        LON1 / LON2 / DLON
    -1                                                      EXPONENT
AUSNETWORK1                                                 COMMENT
                                                            END OF HEADER

     1                                                      START OF TEC MAP
  2019     7    18     0    38     0                        EPOCH OF CURRENT MAP
    70.0-175.0 180.0   5.0 450.0                            LAT/LON1/LON2/DLON/H
   65   65   65   65   65   65   66   66   67   69   70   72   73   75   76   77
   77   77   77   75   73   71   67   63   59   54   49   44   38   33   28   24
   20   17   15   13   11   10    9    9    9    8    8    9    9   10   12   14
   16   19   23   27   31   35   39   43   47   51   54   57   59   60   62   63
   64   64   65   65   65   65   65   65
    65.0-175.0 180.0   5.0 450.0                            LAT/LON1/LON2/DLON/H
   71   71   70   68   67   66   66   66   66   67   68   69   71   72   73   75
   75   75   75   74   71   69   65   60   55   49   43   37   31   25   20   16
   12    9    8    7    6    6    6    7    7    7    7    8    8    9   10   12
   15   19   23   28   34   39   45   50   54   58   62   64   67   68   69   70
   71   71   72   72   73   73   73   72
    60.0-175.0 180.0   5.0 450.0                            LAT/LON1/LON2/DLON/H
   79   78   76   73   71   69   67   65   64   64   65   65   67   68   69   70
   71   71   70   69   67   65   61   57   52   46   39   33   26   20   15   10
    7    6    5    5    6    8    9   10   11   12   12   12   12   12   13   15
   18   22   27   32   38   45   51   56   61   65   68   70   71   72   73   74
   75   76   77   78   79   80   80   80
    55.0-175.0 180.0   5.0 450.0                            LAT/LON1/LON2/DLON/H
   86   84   82   78   75   71   68   65   64   63   62   63   63   64   65   65
   65   65   65   64   62   60   58   54   50   45   39   32   26   20   14   10
    8    7    7    9   11   14   16   18   20   20   20   19   19   18   18   20
   22   26   31   37   44   50   56   61   65   67   69   70   71   71   72   73
   74   76   78   81   83   85   87   87
    50.0-175.0 180.0   5.0 450.0                            LAT/LON1/LON2/DLON/H
   91   89   86   82   77   73   69   66   64   63   63   63   63   63   63   62
   62   61   60   59   58   57   56   54   51   47   42   36   29   23   18   15
   13   12   14   16   19   22   25   27   29   29   29   28   27   26   25   26
   28   32   37   42   48   54   58   62   64   65   66   65   65   65   66   67
   69   72   76   80   85   88   91   92
    45.0-175.0 180.0   5.0 450.0                            LAT/LON1/LON2/DLON/H
   95   92   89   84   79   75   71   68   67   66   66   66   66   66   64   63
   61   59   57   56   55   55   55   54   53   51   47   41   36   30   25   21
   20   20   21   24   27   30   33   35   36   36   36   35   34   32   32   33
   34   38   42   47   52   56   59   60   61   60   59   57   56   56   58   60
   63   68   73   79   85   89   93   95
    40.0-175.0 180.0   5.0 450.0                            LAT/LON1/LON2/DLON/H
   97   94   90   85   81   77   74   72   72   73   73   74   73   72   70   67
   63   59   56   54   53   53   54   55   55   54   51   46   41   36   31   28
   27   27   28   30   33   35   37   38   39   39   39   39   38   37   37   38
   39   42   46   50   54   56   57   57   55   53   51   50   49   50   53   56
   61   67   73   80   87   92   96   98
    35.0-175.0 180.0   5.0 450.0                            LAT/LON1/LON2/DLON/H
  102   98   93   88   84   81   80   80   81   83   84   84   84   81   78   73
   68   63   58   54   53   52   53   54   55   55   52   48   43   38   34   32
   31   31   33   34   35   36   37   37   37   38   38   39   39   39   40   41
   42   45   48   52   54   55   55   53   51   49   47   47   48   51   56   61
   67   73   80   87   94   99  102  103
    30.0-175.0 180.0   5.0 450.0                            LAT/LON1/LON2/DLON/H
  111  106  101   95   92   90   90   92   94   97   98   97   95   91   86   80
   73   67   60   55   52   51   51   51   52   51   49   45   40   36   33   32
   32   33   34   35   35   34   33   32   32   33   34   36   38   39   40   41
   43   45   48   51   53   54   53   51   49   48   49   52   56   62   69   76
   83   89   96  102  108  112  115  114
    25.0-175.0 180.0   5.0 450.0                            LAT/LON1/LON2/DLON/H
  127  120  113  108  104  103  105  108  111  112  112  109  105   99   93   85
   78   70   63   56   51   48   47   46   45   44   41   37   33   29   28   28
   29   32   34   34   33   31   28   26   26   27   29   32   34   36   37   38
   40   42   46   49   51   52   52   52   52   53   57   64   73   82   91   99
  107  113  119  124  129  132  133  131
    20.0-175.0 180.0   5.0 450.0                            LAT/LON1/LON2/DLON/H
  147  139  130  124  121  121  123  126  128  128  125  119  111  103   95   87
   79   72   64   57   51   46   42   39   37   34   31   27   23   20   20   21
   25   28   31   32   30   27   23   20   19   21   23   26   29   31   32   33
   34   37   40   44   48   50   52   54   57   62   70   81   94  107  118  127
  134  139  144  149  153  156  156  153
    15.0-175.0 180.0   5.0 450.0                            LAT/LON1/LON2/DLON/H
  167  158  149  141  138  138  140  143  143  140  133  123  112  101   91   84
   77   71   64   57   50   43   38   33   29   25   21   17   13   11   12   15
   19   24   28   29   27   23   19   16   15   16   19   22   24   25   25   26
   27   29   33   38   43   48   52   56   63   72   84   99  115  129  141  150
  156  161  165  170  174  177  177  174
    10.0-175.0 180.0   5.0 450.0                            LAT/LON1/LON2/DLON/H
  183  173  163  155  151  150  152  153  152  145  134  120  105   92   82   76
   71   67   62   56   49   42   35   29   23   18   14    9    6    4    6    9
   15   20   24   25   24   20   16   12   11   13   15   18   20   20   19   18
   19   21   26   32   39   45   51   58   67   79   95  112  129  145  156  163
  168  171  175  180  186  191  192  190
     5.0-175.0 180.0   5.0 450.0                            LAT/LON1/LON2/DLON/H
  189  179  168  160  155  154  155  155  151  142  128  110   93   79   69   64
   62   61   59   55   49   42   34   27   21   15   10    6    3    2    3    6
   11   16   20   21   20   16   13   10   10   11   14   16   16   15   13   12
   12   15   21   27   35   42   49   58   69   82   99  117  134  148  157  162
  165  167  171  178  185  192  196  195
     0.0-175.0 180.0   5.0 450.0                            LAT/LON1/LON2/DLON/H
  182  173  162  153  148  147  147  146  141  130  114   95   76   62   54   51
   52   55   56   54   50   43   35   27   21   16   11    7    4    2    3    5
    9   13   15   16   15   13   10    9    9   11   14   15   15   14   11    9
   10   13   18   25   32   39   47   55   66   79   95  112  127  138  145  147
  148  149  153  161  171  181  187  187
    -5.0-175.0 180.0   5.0 450.0                            LAT/LON1/LON2/DLON/H
  165  156  146  137  132  131  131  129  123  112   95   76   58   45   39   39
   43   49   53   54   50   44   37   30   23   18   14   11    8    6    5    6
    7    9   11   12   11   10    9   10   11   14   16   18   17   16   13   12
   12   15   20   26   32   38   44   51   60   72   86  100  112  120  123  123
  121  122  126  134  146  158  166  168
   -10.0-175.0 180.0   5.0 450.0                            LAT/LON1/LON2/DLON/H
  140  133  124  116  111  109  109  108  102   91   75   57   42   31   27   29
   36   44   50   53   51   46   39   32   27   22   19   16   13   10    8    7
    7    7    8    9    9    9   11   13   16   19   22   24   24   22   20   19
   19   22   25   30   34   37   41   46   53   62   73   84   93   97   98   95
   92   91   95  104  116  129  138  142
   -15.0-175.0 180.0   5.0 450.0                            LAT/LON1/LON2/DLON/H
  114  109  101   95   91   89   89   88   82   72   58   43   29   21   19   23
   31   41   48   52   51   47   41   35   30   26   23   21   18   15   12   10
    8    8    8    9   10   13   16   20   24   29   32   34   34   33   32   30
   30   32   33   35   37   37   39   41   45   52   61   69   75   77   76   71
   67   65   69   77   88  101  110  115
   -20.0-175.0 180.0   5.0 450.0                            LAT/LON1/LON2/DLON/H
   93   89   84   80   77   76   76   74   69   60   48   34   23   16   16   20
   29   38   46   50   50   47   42   37   32   29   26   24   22   19   16   14
   12   11   11   13   16   20   25   31   36   41   45   47   47   46   44   43
   42   42   41   41   39   38   37   37   40   45   52   58   62   63   60   55
   50   48   50   56   67   78   87   92
   -25.0-175.0 180.0   5.0 450.0                            LAT/LON1/LON2/DLON/H
   79   78   76   74   73   72   72   70   65   56   45   33   23   17   16   20
   28   36   43   47   48   45   41   37   33   30   28   27   25   23   21   19
   17   17   19   22   26   32   38   44   50   54   57   59   58   57   55   53
   51   49   46   43   40   37   35   34   36   40   46   51   55   55   53   48
   43   40   40   45   53   63   71   77
   -30.0-175.0 180.0   5.0 450.0                            LAT/LON1/LON2/DLON/H
   73   75   76   77   77   78   77   74   68   59   48   37   27   21   19   22
   27   34   40   43   44   43   40   36   33   31   30   29   27   26   25   24
   24   25   28   32   37   43   50   56   61   65   67   67   65   63   60   56
   53   49   45   41   37   33   31   31   33   37   43   48   52   52   50   46
   41   38   37   41   47   54   62   69
   -35.0-175.0 180.0   5.0 450.0                            LAT/LON1/LON2/DLON/H
   72   77   81   84   86   87   86   83   76   67   55   43   33   26   22   23
   26   30   34   37   39   38   37   34   32   31   30   30   29   29   29   29
   30   32   36   40   46   52   58   62   66   68   68   67   64   60   56   52
   47   42   38   33   29   26   25   26   29   34   40   45   49   50   49   45
   41   38   37   39   44   50   58   65
   -40.0-175.0 180.0   5.0 450.0                            LAT/LON1/LON2/DLON/H
   71   78   85   91   94   96   95   91   83   73   62   50   39   30   25   23
   23   25   28   31   32   33   32   31   31   30   30   30   30   30   31   32
   33   36   40   44   49   53   57   61   62   62   61   57   53   48   43   38
   33   28   24   20   17   16   16   19   23   29   35   40   44   46   45   42
   39   36   35   36   40   46   54   62
   -45.0-175.0 180.0   5.0 450.0                            LAT/LON1/LON2/DLON/H
   66   75   84   91   96   98   97   93   86   76   64   52   41   32   25   21
   19   20   21   23   25   26   27   27   27   27   27   28   28   29   29   31
   32   34   37   40   43   46   48   49   48   46   43   39   34   28   23   17
   13    9    5    3    2    3    5    9   14   20   26   31   34   36   35   33
   31   28   28   29   33   39   47   56
   -50.0-175.0 180.0   5.0 450.0                            LAT/LON1/LON2/DLON/H
   55   65   75   82   88   91   91   87   81   72   61   50   39   30   23   18
   15   14   15   16   18   19   21   22   22   23   23   24   24   24   25   25
   26   27   28   29   30   31   30   29   27   23   19   14    9    4   -1   -6
   -9  -12  -14  -14  -13  -11   -8   -3    2    8   13   18   21   22   22   20
   18   17   16   18   22   28   36   45
   -55.0-175.0 180.0   5.0 450.0                            LAT/LON1/LON2/DLON/H
   40   50   59   66   72   75   76   73   68   61   52   43   34   26   19   14
   11   10    9   10   11   13   14   16   17   17   18   18   18   17   17   16
   16   15   14   14   12   11    9    6    2   -2   -6  -11  -16  -20  -24  -27
  -29  -30  -30  -29  -26  -23  -19  -14   -9   -4   -0    3    6    6    6    5
    4    3    3    5    9   14   22   31
   -60.0-175.0 180.0   5.0 450.0                            LAT/LON1/LON2/DLON/H
   24   32   40   47   52   55   56   55   51   46   40   34   27   21   16   11
    8    7    6    6    7    8    9   10   11   11   11   11   10    9    8    6
    4    2    0   -2   -5   -8  -11  -15  -19  -23  -27  -31  -34  -37  -40  -41
  -42  -41  -40  -38  -35  -31  -27  -23  -19  -15  -12   -9   -8   -7   -7   -8
   -9   -9   -8   -6   -3    2    9   16
   -65.0-175.0 180.0   5.0 450.0                            LAT/LON1/LON2/DLON/H
   11   17   23   28   32   35   36   36   34   32   28   24   20   16   12   10
    7    6    5    5    5    5    6    6    6    6    6    5    3    2   -0   -3
   -5   -8  -11  -14  -18  -21  -25  -28  -32  -35  -38  -41  -44  -45  -46  -47
  -46  -45  -43  -41  -38  -35  -31  -28  -24  -22  -19  -18  -17  -16  -16  -16
  -16  -16  -15  -13  -10   -6   -1    5
   -70.0-175.0 180.0   5.0 450.0                            LAT/LON1/LON2/DLON/H
    3    7   11   14   17   19   21   21   21   20   19   17   15   13   11    9
    7    6    6    5    5    5    4    4    4    3    2    1   -1   -3   -5   -8
  -11  -13  -16  -20  -23  -26  -29  -32  -35  -37  -39  -41  -43  -43  -44  -43
  -43  -41  -39  -37  -35  -32  -30  -27  -25  -23  -21  -20  -19  -19  -18  -18
  -17  -17  -16  -14  -12   -9   -5   -2
     1                                                      END OF TEC MAP
     1                                                      START OF RMS MAP
  2019     7    18     0    38     0                        EPOCH OF CURRENT MAP
    70.0-175.0 180.0   5.0 450.0                            LAT/LON1/LON2/DLON/H
   47   48   48   47   47   47   47   47   47   47   47   47   47   47   48   48
   48   49   49   50   50   51   51   52   52   52   53   53   53   54   54   55
   55   55   55   55   55   55   55   55   54   54   54   54   53   53   53   53
   53   52   52   52   51   51   50   50   49   48   48   48   47   47   47   47
   47   47   47   47   47   47   47   47
    65.0-175.0 180.0   5.0 450.0                            LAT/LON1/LON2/DLON/H
   48   48   48   48   47   47   47   47   47   47   47   47   47   47   47   48
   48   49   50   50   51   51   52   52   53   53   53   54   54   54   54   54
   55   55   55   55   55   55   54   54   54   54   54   54   53   53   53   53
   53   52   52   52   51   51   50   49   49   48   48   47   47   47   47   47
   47   47   47   47   47   47   47   47
    60.0-175.0 180.0   5.0 450.0                            LAT/LON1/LON2/DLON/H
   48   48   48   48   47   47   47   47   47   47   47   47   47   47   47   48
   48   49   49   50   51   52   52   52   53   53   53   53   53   54   53   53
   53   53   53   53   52   52   52   53   53   53   53   53   53   53   53   52
   52   52   51   51   51   50   50   49   48   48   47   47   47   47   47   47
   47   47   47   47   47   47   47   48
    55.0-175.0 180.0   5.0 450.0                            LAT/LON1/LON2/DLON/H
   48   48   48   48   47   47   47   47   47   47   47   47   47   47   47   47
   48   48   49   50   50   51   51   52   52   52   53   53   53   53   52   52
   51   51   50   50   50   50   50   51   51   52   52   52   53   52   52   51
   51   51   50   50   50   50   49   49   48   48   47   47   47   47   47   47
   47   47   47   47   47   47   47   48
    50.0-175.0 180.0   5.0 450.0                            LAT/LON1/LON2/DLON/H
   48   48   48   48   47   47   47   47   47   47   47   47   47   47   47   47
   48   48   49   50   50   50   50   51   51   51   52   52   52   52   52   51
   50   49   49   49   49   49   49   49   50   50   51   51   52   52   51   51
   50   50   49   49   49   49   49   49   49   48   47   47   47   47   47   47
   47   47   47   47   47   47   47   48
    45.0-175.0 180.0   5.0 450.0                            LAT/LON1/LON2/DLON/H
   48   48   48   48   47   47   47   47   47   47   47   47   47   47   47   47
   48   49   49   49   49   49   49   50   50   50   51   51   51   51   50   50
   49   48   48   48   48   48   48   48   49   49   50   50   50   50   50   50
   50   49   49   49   49   49   49   49   49   48   48   47   47   47   47   47
