solutions/ex16/AUSG1990.19I
     1.1            I                   GNS                 IONEX VERSION / TYPE
AUSACS              Geoscience Australia2022-02-23 13:43:38 PGM / RUN BY / DATE
  COSZ                                                      MAPPING FUNCTION
    10.0                                                    ELEVATION CUTOFF
  6378.1                                                    BASE RADIUS
     2                                                      MAP DIMENSION
   450.0 450.0   0.0                                        HGT1 / HGT2 / DHGT
    70.0 -70.0  -5.0                                        LAT1 / LAT2 / DLAT
  -175.0 180.0   5.0                                        LON1 / LON2 / DLON
    -1                                                      EXPONENT
AUSNETWORK1                                                 COMMENT
                                                            END OF HEADER
[from data line 2833]
     9                                                      START OF TEC MAP
  2019     7    18     1    15     0                        EPOCH OF CURRENT MAP
    70.0-175.0 180.0   5.0 450.0                            LAT/LON1/LON2/DLON/H
   64   65   65   65   65   65   65   64   65   65   65   66   67   68   68   69
   69   68   67   66   64   61   57   53   48   43   37   32   27   22   17   13
   10    7    6    5    4    5    5    7    8    9   11   12   14   15   17   18
   19   20   21   22   23   25   26   27   28   30   31   33   35   37   40   43
   46   49   52   55   57   60   62   63
    65.0-175.0 180.0   5.0 450.0                            LAT/LON1/LON2/DLON/H
   78   78   77   75   73   71   69   67   66   65   64   65   65   66   66   67
   67   67   66   64   61   58   54   49   44   38   32   26   20   14    9    5
    2   -0   -1   -1   -0    1    4    6    9   11   14   16   18   20   21   23
   24   26   27   29   30   31   32   34   35   36   38   40   42   45   48   51
   55   59   63   67   71   74   76   78
    60.0-175.0 180.0   5.0 450.0                            LAT/LON1/LON2/DLON/H
   94   92   90   86   82   77   73   70   67   65   63   63   63   63   63   63
   63   63   62   60   57   54   51   46   41   36   30   23   17   12    6    2
   -0   -2   -2   -1    2    5    8   12   15   18   21   23   25   27   29   30
   32   34   36   37   39   41   42   43   44   45   46   48   50   52   56   60
   65   70   75   81   86   90   92   94
    55.0-175.0 180.0   5.0 450.0                            LAT/LON1/LON2/DLON/H
  108  105  101   96   90   84   78   73   68   65   63   62   61   61   60   60
   59   58   57   55   53   50   47   44   40   36   31   26   20   15   10    7
    4    3    4    6    9   13   17   21   25   28   30   32   33   35   36   38
   40   42   44   47   49   51   52   53   53   54   54   55   56   58   62   66
   72   78   85   92   98  103  107  108
    50.0-175.0 180.0   5.0 450.0                            LAT/LON1/LON2/DLON/H
  117  114  109  103   96   88   81   75   70   67   64   63   62   61   60   58
   56   54   52   50   48   46   45   43   41   39   36   32   28   23   19   16
   14   14   14   17   20   24   29   32   35   37   38   39   39   40   41   43
   45   48   52   55   57   60   61   61   61   61   60   60   60   62   65   70
   76   83   91   99  106  112  116  118
    45.0-175.0 180.0   5.0 450.0                            LAT/LON1/LON2/DLON/H
  122  118  113  106   98   91   84   78   73   70   68   67   65   64   62   59
   56   53   49   46   44   43   43   43   43   43   42   40   37   34   30   27
   25   25   25   27   31   34   38   40   42   43   43   42   41   41   43   45
   48   52   56   60   64   66   67   67   67   65   64   63   62   63   66   71
   77   85   93  102  110  116  121  123
    40.0-175.0 180.0   5.0 450.0                            LAT/LON1/LON2/DLON/H
  123  119  113  106   99   92   86   81   77   75   74   73   72   70   67   63
   58   53   48   44   42   40   41   42   44   45   46   46   45   42   39   36
   34   33   33   35   37   40   42   44   44   43   42   40   39   39   40   43
   48   53   58   63   67   70   71   71   70   68   66   65   64   65   68   72
   78   86   95  104  112  118  122  124
    35.0-175.0 180.0   5.0 450.0                            LAT/LON1/LON2/DLON/H
  124  120  114  108  101   95   90   86   84   84   83   83   82   80   76   70
   63   56   49   43   40   38   38   40   43   45   47   48   47   45   43   40
   38   36   35   36   37   39   41   41   41   39   37   35   33   34   36   40
   45   52   58   64   68   71   73   73   72   70   69   68   68   70   73   77
   84   91  100  108  115  121  125  126
    30.0-175.0 180.0   5.0 450.0                            LAT/LON1/LON2/DLON/H
  129  125  120  114  108  102   98   96   95   95   95   96   95   92   86   79
   70   60   51   44   39   36   35   36   39   41   43   44   44   42   40   37
   35   33   32   32   33   34   35   35   34   32   30   28   27   28   31   36
   42   50   57   63   68   71   73   74   74   74   74   75   76   79   83   88
   95  102  110  118  124  129  131  132
    25.0-175.0 180.0   5.0 450.0                            LAT/LON1/LON2/DLON/H
  141  137  132  126  120  115  111  109  108  109  110  110  108  104   98   88
   77   65   54   45   38   34   32   32   33   34   35   35   35   34   32   30
   28   26   25   25   25   26   27   27   26   25   23   22   21   23   26   32
   39   47   55   61   67   70   73   75   77   79   81   85   88   93   99  105
  112  119  127  133  139  143  144  144
    20.0-175.0 180.0   5.0 450.0                            LAT/LON1/LON2/DLON/H
  159  155  150  144  138  132  128  126  124  124  125  124  122  117  109   97
   84   70   57   46   37   32   28   27   26   26   25   25   24   23   22   21
   20   19   18   18   18   18   19   20   19   19   18   17   18   20   23   29
   36   44   52   59   65   70   74   77   81   86   91   96  103  110  117  124
  131  139  146  152  157  160  162  161
    15.0-175.0 180.0   5.0 450.0                            LAT/LON1/LON2/DLON/H
  178  174  170  164  157  151  145  141  139  139  138  137  134  128  118  105
   90   74   59   47   37   30   26   23   20   18   16   15   14   13   13   13
   13   12   12   12   12   12   13   14   15   15   15   15   16   18   22   27
   34   41   49   56   63   69   74   80   86   92  100  108  116  124  133  141
  149  156  163  169  174  177  179  179
    10.0-175.0 180.0   5.0 450.0                            LAT/LON1/LON2/DLON/H
  192  190  185  179  172  164  157  152  149  148  147  146  143  136  125  110
   94   76   60   46   36   29   24   20   16   13   10    8    6    6    7    8
    9   10   10    9    9    9    9   10   12   13   14   14   15   17   20   25
   31   38   45   53   60   67   74   81   89   97  106  115  125  134  142  150
  158  165  172  178  183  188  191  192
     5.0-175.0 180.0   5.0 450.0                            LAT/LON1/LON2/DLON/H
  196  195  191  185  177  168  160  154  151  150  150  149  147  140  129  113
   95   77   59   45   35   28   23   19   15   11    7    4    3    3    4    6
    8   10   10    9    8    7    7    8    9   11   12   14   15   16   19   22
   28   34   42   49   57   65   73   81   90   99  108  117  126  134  142  150
  157  163  170  176  181  187  191  194
     0.0-175.0 180.0   5.0 450.0                            LAT/LON1/LON2/DLON/H
  186  186  184  177  169  160  151  145  142  142  144  146  145  139  129  113
   95   75   58   44   33   27   22   19   15   11    7    4    2    3    4    7
   10   11   11   10    8    6    5    6    7    9   11   13   14   15   17   20
   25   31   38   46   54   63   71   79   87   95  103  112  119  127  133  139
  145  150  155  161  167  173  179  183
    -5.0-175.0 180.0   5.0 450.0                            LAT/LON1/LON2/DLON/H
  165  166  164  158  150  141  132  127  125  128  132  136  138  134  125  110
   92   73   55   42   32   26   22   19   16   12    8    5    3    3    5    8
   11   12   12   10    8    6    4    4    6    8   10   12   14   15   17   20
   24   30   37   44   52   60   67   74   81   88   94  100  107  112  117  121
  125  129  132  137  142  148  155  161
   -10.0-175.0 180.0   5.0 450.0                            LAT/LON1/LON2/DLON/H
  136  138  136  131  123  115  107  104  104  108  115  122  127  126  118  105
   88   70   53   40   31   25   23   20   18   14   10    6    4    4    5    8
   11   13   13   11    9    7    5    5    6    8   11   14   16   18   20   23
   27   32   38   45   51   57   63   68   72   77   82   86   91   95   98  100
  102  104  106  109  113  119  125  131
   -15.0-175.0 180.0   5.0 450.0                            LAT/LON1/LON2/DLON/H
  106  108  107  103   96   89   83   81   83   89   98  107  114  115  110   99
   83   67   51   39   30   26   23   21   18   15   10    6    4    3    4    7
   10   12   13   13   12   10    9    9   11   13   16   19   22   24   26   29
   33   37   42   46   51   55   58   60   63   66   69   72   75   78   80   82
   82   82   82   83   86   90   96  101
   -20.0-175.0 180.0   5.0 450.0                            LAT/LON1/LON2/DLON/H
   82   85   85   82   76   70   66   65   68   75   85   94  102  104  100   91
   78   63   49   38   31   26   24   22   19   15   11    6    3    2    3    6
    9   13   15   17   17   17   17   18   20   23   26   29   31   34   36   39
   41   44   47   49   51   52   53   53   53   55   57   59   62   65   67   68
   67   66   65   64   65   68   73   78
   -25.0-175.0 180.0   5.0 450.0                            LAT/LON1/LON2/DLON/H
   68   71   72   70   66   62   59   59   62   68   76   85   91   94   91   83
   72   60   48   38   32   28   25   23   20   16   11    6    3    1    2    6
   10   15   19   23   25   27   29   31   33   36   38   41   43   45   47   49
   50   51   51   51   50   49   47   45   45   45   47   50   53   57   59   60
   59   57   55   54   53   55   59   63
   -30.0-175.0 180.0   5.0 450.0                            LAT/LON1/LON2/DLON/H
   62   66   69   69   67   65   62   62   64   68   74   80   84   85   82   75
   66   55   46   38   32   29   26   24   21   17   12    7    4    3    4    8
   13   20   26   31   36   39   42   45   47   49   51   53   54   55   55   55
   55   54   52   49   46   43   40   37   36   37   39   43   47   51   54   55
   55   53   51   49   48   50   53   58
   -35.0-175.0 180.0   5.0 450.0                            LAT/LON1/LON2/DLON/H
   63   68   72   74   74   73   72   71   71   73   75   77   78   76   72   66
   58   50   42   36   32   29   27   24   22   18   14   10    7    7    9   13
   19   26   33   39   45   50   53   56   57   58   59   59   59   58   57   55
   53   50   47   43   39   34   31   28   27   28   31   36   40   45   49   51
   51   50   48   47   47   49   52   57
   -40.0-175.0 180.0   5.0 450.0                            LAT/LON1/LON2/DLON/H
   65   71   77   80   82   83   82   81   79   78   76   75   72   68   63   56
   49   43   37   32   29   27   26   24   22   19   16   13   12   12   14   18
   24   31   38   44   50   55   58   59   60   60   58   57   55   52   50   47
   43   39   35   31   26   22   19   17   17   19   23   27   33   37   41   44
   45   44   44   44   45   47   52   58
   -45.0-175.0 180.0   5.0 450.0                            LAT/LON1/LON2/DLON/H
   63   70   77   82   86   87   87   85   82   79   75   70   65   59   52   46
   40   34   30   26   24   23   23   22   21   19   17   16   15   16   18   21
   26   32   38   44   48   52   53   54   53   51   48   45   41   38   34   30
   26   22   18   14   11    8    6    6    6    9   13   17   22   27   30   33
   34   35   36   37   39   43   48   55
   -50.0-175.0 180.0   5.0 450.0                            LAT/LON1/LON2/DLON/H
   56   64   71   77   81   83   84   82   79   74   68   62   55   49   42   35
   30   25   22   19   18   18   18   18   18   17   17   16   16   17   19   21
   25   29   33   36   39   40   40   39   37   33   30   25   21   17   13    9
    5    2   -1   -4   -6   -7   -7   -7   -5   -2    2    6   10   14   17   19
   21   23   24   26   29   34   40   48
   -55.0-175.0 180.0   5.0 450.0                            LAT/LON1/LON2/DLON/H
   44   52   59   65   69   72   72   71   68   63   58   51   45   38   31   26
   21   17   14   13   12   12   13   13   14   14   14   14   14   15   16   17
   19   21   23   24   24   23   22   19   16   12    7    3   -1   -6   -9  -12
  -15  -17  -19  -20  -20  -20  -19  -17  -15  -12   -8   -5   -2    1    4    6
    8   10   12   14   18   23   29   36
   -60.0-175.0 180.0   5.0 450.0                            LAT/LON1/LON2/DLON/H
   31   38   44   49   53   55   56   55   53   50   45   40   34   28   23   18
   14   11    9    8    7    7    8    9    9   10   10   10   10   10   10   11
   11   11   10    9    8    6    3   -1   -4   -9  -13  -17  -20  -24  -26  -29
  -30  -31  -31  -31  -30  -28  -26  -24  -21  -18  -15  -13  -10   -8   -6   -4
   -2   -1    2    5    8   13   18   25
   -65.0-175.0 180.0   5.0 450.0                            LAT/LON1/LON2/DLON/H
   21   26   30   34   37   39   40   40   38   36   33   29   25   21   17   14
   11    8    7    6    5    5    5    5    6    6    6    6    6    5    4    3
    2    1   -1   -3   -5   -8  -11  -15  -18  -22  -25  -29  -31  -33  -35  -36
  -36  -36  -35  -34  -32  -30  -28  -26  -23  -21  -18  -16  -14  -12  -10   -9
   -7   -5   -3   -1    3    6   11   16
   -70.0-175.0 180.0   5.0 450.0                            LAT/LON1/LON2/DLON/H
   15   18   21   23   26   27   28   28   27   26   24   22   20   17   15   12
   10    9    7    6    6    5    5    5    5    4    4    3    3    2    0   -1
   -3   -5   -7   -9  -12  -15  -18  -20  -23  -26  -28  -30  -32  -33  -34  -34
  -34  -33  -32  -30  -29  -27  -24  -22  -20  -18  -16  -14  -12  -11   -9   -8
   -6   -4   -3   -0    2    5    8   11
     9                                                      END OF TEC MAP
     9                                                      START OF RMS MAP
  2019     7    18     1    15     0                        EPOCH OF CURRENT MAP
    70.0-175.0 180.0   5.0 450.0                            LAT/LON1/LON2/DLON/H
   34   34   34   34   34   34   34   34   34   34   34   34   34   34   34   34
   35   35   35   35   35   35   35   35   36   36   36   36   37   37   38   38
   39   39   40   40   40   39   39   38   38   37   37   36   36   36   36   35
   35   35   35   35   35   35   35   35   35   35   34   34   34   34   34   34
   34   34   34   34   34   34   34   34
    65.0-175.0 180.0   5.0 450.0                            LAT/LON1/LON2/DLON/H
   34   34   34   34   34   34   34   34   34   34   34   34   34   34   34   34
   34   34   35   35   35   35   35   35   35   36   36   36   36   37   37   38
   38   39   39   39   39   39   38   38   37   37   36   36   36   35   35   35
   35   35   35   35   35   35   34   34   34   34   34   34   34   34   34   34
   34   34   34   34   34   34   34   34
    60.0-175.0 180.0   5.0 450.0                            LAT/LON1/LON2/DLON/H
   34   34   34   34   34   34   34   34   34   34   34   34   34   34   34   34
   34   34   34   35   35   35   35   35   35   35   35   35   36   36   36   37
   37   38   38   38   38   37   37   37   36   36   36   36   35   35   35   35
   35   34   34   34   34   34   34   34   34   34   34   34   34   34   34   34
   34   34   34   34   34   34   34   34
    55.0-175.0 180.0   5.0 450.0                            LAT/LON1/LON2/DLON/H
   34   34   34   34   34   34   34   34   34   34   34   34   34   34   34   34
   34   34   34   34   34   35   35   35   35   35   35   35   35   35   36   36
   36   36   36   36   36   36   36   36   36   35   35   35   35   35   35   35
   34   34   34   34   34   34   34   34   34   34   34   34   34   34   34   34
   34   34   34   34   34   34   34   34
    50.0-175.0 180.0   5.0 450.0                            LAT/LON1/LON2/DLON/H
   34   34   34   34   34   34   34   34   34   34   34   34   34   34   34   34
   34   34   34   34   34   34   34   34   34   34   35   35   35   35   35   35
   35   35   35   35   35   35   35   35   35   35   35   35   35   35   35   34
   34   34   34   34   34   34   34   34   34   34   34   34   34   34   34   34
   34   34   34   34   34   34   34   34
    45.0-175.0 180.0   5.0 450.0                            LAT/LON1/LON2/DLON/H
   34   34   34   34   34   34   34   34   34   34   34   34   34   34   34   34
   34   34   34   34   34   34   34   34   34   34   34   34   35   35   35   35
   35   35   35   35   35   35   35   35   35   35   35   35   35   34   34   34
   34   34   34   34   34   34   34   34   34   34   34   34   34   34   34   34
