solutions/ex16/AUSG1990.19I
     1.1            I                   GNS                 IONEX VERSION / TYPE
AUSACS              Geoscience Australia2022-02-23 13:43:38 PGM / RUN BY / DATE
  COSZ                                                      MAPPING FUNCTION
    10.0                                                    ELEVATION CUTOFF
  6378.1                                                    BASE RADIUS
     2                                                      MAP DIMENSION
   450.0 450.0   0.0                                        HGT1 / HGT2 / DHGT
    70.0 -70.0  -5.0                                        LAT1 / LAT2 / DLAT
  -175.0 180.0   5.0                                        LON1 / LON2 / DLON
    -1                                                      EXPONENT
AUSNETWORK1                                                 COMMENT
                                                            END OF HEADER
[from data line 355]
     2                                                      START OF TEC MAP
  2019     7    18     0    40     0                        EPOCH OF CURRENT MAP
    70.0-175.0 180.0   5.0 450.0                            LAT/LON1/LON2/DLON/H
   66   66   65   65   65   65   66   66   67   68   70   71   73   74   76   76
   77   77   76   75   73   70   67   63   58   53   48   43   38   32   28   24
   20   17   14   12   11   10    9    8    8    8    8    9    9   11   12   14
   17   20   24   28   33   37   42   46   50   54   57   60   62   64   65   66
   67   67   67   67   67   67   67   66
    65.0-175.0 180.0   5.0 450.0                            LAT/LON1/LON2/DLON/H
   72   71   70   69   67   66   66   65   66   66   67   69   70   72   73   74
   75   75   74   73   71   68   64   60   55   49   43   37   30   25   20   15
   12    9    7    6    6    6    6    6    7    7    7    8    8    9   11   13
   16   20   25   30   36   41   47   53   58   62   65   68   70   72   73   74
   74   75   75   75   75   74   74   73
    60.0-175.0 180.0   5.0 450.0                            LAT/LON1/LON2/DLON/H
   80   78   76   73   71   68   66   65   64   64   64   65   67   68   69   70
   70   70   70   68   67   64   60   56   51   45   39   32   26   20   15   10
    7    6    5    5    6    8    9   10   11   12   12   12   12   12   13   15
   18   23   28   34   40   47   53   59   64   68   71   73   75   76   77   78
   78   79   80   80   81   82   82   81
    55.0-175.0 180.0   5.0 450.0                            LAT/LON1/LON2/DLON/H
   87   85   82   78   75   71   68   65   63   63   62   63   63   64   65   65
   65   65   64   63   62   60   57   54   49   44   38   32   26   20   14   11
    8    7    8    9   11   14   17   19   20   20   20   20   19   19   19   21
   23   27   33   39   45   52   58   63   67   70   72   73   74   74   75   76
   77   79   81   83   85   87   88   88
    50.0-175.0 180.0   5.0 450.0                            LAT/LON1/LON2/DLON/H
   92   90   87   82   78   73   69   66   64   63   63   63   63   63   63   62
   61   60   59   58   57   56   55   53   50   46   41   36   30   24   19   15
   13   13   14   16   19   23   26   28   29   30   29   28   27   26   26   27
   29   33   38   44   50   55   60   64   66   68   68   68   67   67   68   69
   71   74   78   82   86   90   92   93
    45.0-175.0 180.0   5.0 450.0                            LAT/LON1/LON2/DLON/H
   96   94   90   85   80   75   71   68   67   66   66   66   66   66   64   63
   61   58   56   55   54   54   54   53   52   50   46   42   36   30   26   22
   20   20   22   24   27   30   33   35   37   37   36   35   34   33   33   33
   35   39   43   48   53   57   60   62   62   61   60   59   58   58   59   61
   64   69   74   80   86   91   95   96
    40.0-175.0 180.0   5.0 450.0                            LAT/LON1/LON2/DLON/H
   99   96   92   86   81   77   74   72   72   72   73   73   73   72   70   67
   63   59   56   53   52   52   53   54   54   53   51   47   42   36   32   29
   27   27   28   31   33   35   37   39   40   40   40   39   38   38   38   38
   40   44   47   52   55   58   59   58   57   54   52   51   50   51   53   57
   61   67   74   81   88   94   98   99
    35.0-175.0 180.0   5.0 450.0                            LAT/LON1/LON2/DLON/H
  104  100   95   90   85   82   80   80   81   83   84   84   83   81   78   73
   68   62   57   54   51   51   52   53   54   54   52   49   44   39   35   32
   31   32   33   34   36   37   37   38   38   38   39   39   39   39   40   41
   43   46   50   53   56   57   56   55   52   49   48   47   49   51   56   61
   67   74   81   88   95  101  104  105
    30.0-175.0 180.0   5.0 450.0                            LAT/LON1/LON2/DLON/H
  113  108  102   97   92   90   90   92   94   96   98   97   95   91   86   80
   73   66   60   55   51   49   49   50   51   51   49   45   41   37   34   32
   32   33   34   36   36   35   34   33   33   33   34   36   37   39   40   41
   44   47   50   53   55   55   54   53   50   49   49   52   56   62   69   76
   83   90   97  104  110  114  117  116
    25.0-175.0 180.0   5.0 450.0                            LAT/LON1/LON2/DLON/H
  129  122  115  109  105  104  106  108  111  113  112  110  106  100   93   86
   78   70   62   56   50   47   45   45   45   44   41   38   34   30   28   28
   29   31   34   35   34   32   30   27   27   27   29   31   33   35   37   39
   41   44   47   50   53   54   53   53   53   54   58   65   73   82   91  100
  107  113  120  126  131  134  135  134
    20.0-175.0 180.0   5.0 450.0                            LAT/LON1/LON2/DLON/H
  149  141  132  126  122  122  124  127  129  129  126  120  113  104   96   87
   79   71   63   56   50   44   41   38   36   34   31   27   23   21   20   21
   24   28   31   32   31   28   25   22   20   21   23   26   29   31   32   33
   35   38   42   46   49   52   53   55   58   63   71   82   95  107  118  127
  134  140  145  150  154  157  158  155
    15.0-175.0 180.0   5.0 450.0                            LAT/LON1/LON2/DLON/H
  169  160  151  143  139  139  141  144  145  142  135  125  114  103   93   84
   77   70   63   56   48   42   37   32   29   25   21   17   13   11   12   15
   19   24   28   30   28   25   21   17   16   16   19   21   24   25   26   26
   28   31   35   40   45   49   53   58   64   73   85  100  116  130  142  151
  157  162  166  170  175  178  179  176
    10.0-175.0 180.0   5.0 450.0                            LAT/LON1/LON2/DLON/H
  185  175  165  157  152  152  154  155  154  148  138  124  109   95   84   76
   71   66   61   54   48   40   34   28   23   18   14    9    6    5    6    9
   15   20   25   26   25   22   17   14   13   13   15   18   19   19   19   19
   20   23   27   34   40   46   52   59   69   81   96  113  131  146  157  165
  169  172  176  181  186  191  193  191
     5.0-175.0 180.0   5.0 450.0                            LAT/LON1/LON2/DLON/H
  190  181  170  162  157  156  157  157  154  146  132  115   97   82   71   65
   62   60   57   53   47   40   33   26   20   15   10    6    3    2    3    6
   11   17   21   22   21   18   14   12   11   12   14   15   16   15   14   13
   13   16   22   29   36   43   51   59   70   84  100  118  135  149  158  164
  166  168  172  178  185  192  197  196
     0.0-175.0 180.0   5.0 450.0                            LAT/LON1/LON2/DLON/H
  183  175  164  155  150  149  149  149  144  134  119  100   81   66   56   52
   52   53   54   52   47   41   34   27   21   15   11    7    4    2    3    5
    9   13   16   17   16   14   12   10   10   11   14   15   15   13   11   10
   10   13   19   26   33   41   48   57   67   81   96  113  128  139  146  149
  149  150  154  161  170  180  187  188
    -5.0-175.0 180.0   5.0 450.0                            LAT/LON1/LON2/DLON/H
  165  158  148  139  134  132  132  131  126  116  100   81   63   49   41   40
   43   47   50   51   48   42   36   29   23   18   14   11    8    6    5    6
    8   10   12   12   12   11   10   10   11   14   16   17   17   16   13   12
   13   15   20   27   33   39   45   52   61   73   86  100  112  121  124  124
  123  123  126  134  145  157  166  169
   -10.0-175.0 180.0   5.0 450.0                            LAT/LON1/LON2/DLON/H
  140  134  125  117  112  110  110  109  104   94   79   62   46   35   29   30
   36   42   48   50   49   44   38   32   26   22   19   15   13   10    8    7
    7    8    9    9    9    9   10   12   15   19   22   24   24   22   20   19
   20   22   26   31   35   39   43   47   54   63   74   84   93   98   99   97
   93   92   96  104  116  128  138  142
   -15.0-175.0 180.0   5.0 450.0                            LAT/LON1/LON2/DLON/H
  114  109  102   95   91   89   89   88   84   75   62   47   34   25   22   24
   31   39   46   49   49   45   40   34   29   25   22   20   17   15   12   10
    9    8    8    9   10   12   15   19   24   28   32   34   34   33   31   30
   30   32   34   36   38   39   40   42   47   53   61   69   75   78   77   73
   68   66   69   76   88  100  110  115
   -20.0-175.0 180.0   5.0 450.0                            LAT/LON1/LON2/DLON/H
   92   90   84   80   76   75   75   74   70   62   51   38   27   20   19   22
   29   38   45   48   48   46   41   36   31   28   25   23   21   18   16   14
   12   11   12   13   16   20   24   30   35   40   44   46   47   46   44   43
   42   42   42   42   41   39   38   39   41   46   52   58   62   63   61   56
   51   49   50   56   66   77   86   92
   -25.0-175.0 180.0   5.0 450.0                            LAT/LON1/LON2/DLON/H
   79   78   76   74   72   72   71   69   65   58   47   36   27   21   19   22
   29   36   43   46   47   44   41   36   32   29   27   26   24   22   20   18
   17   17   19   21   26   31   37   43   49   54   57   59   59   57   55   53
   51   49   47   44   41   38   36   35   37   41   46   51   55   55   53   48
   43   40   41   45   53   62   70   76
   -30.0-175.0 180.0   5.0 450.0                            LAT/LON1/LON2/DLON/H
   73   75   76   77   77   77   77   74   69   61   51   40   31   25   22   24
   29   34   39   43   43   42   39   36   32   30   29   27   26   25   24   24
   24   25   28   32   37   43   49   56   61   65   67   67   66   64   60   57
   53   49   46   42   38   34   32   32   34   38   43   48   51   52   50   46
   42   38   38   40   46   54   62   68
   -35.0-175.0 180.0   5.0 450.0                            LAT/LON1/LON2/DLON/H
   72   77   82   85   87   88   87   84   78   69   58   47   37   30   26   25
   27   31   35   37   38   38   36   34   32   30   29   28   28   28   28   29
   30   32   36   40   46   52   58   63   67   69   70   68   65   61   57   52
   47   43   38   34   30   27   26   26   29   34   39   45   49   50   49   45
   41   38   37   38   43   50   57   65
   -40.0-175.0 180.0   5.0 450.0                            LAT/LON1/LON2/DLON/H
   71   79   86   92   96   98   97   93   86   77   65   54   43   34   28   25
   25   27   29   31   32   32   32   31   30   29   29   29   29   29   30   31
   33   36   40   44   49   54   58   61   63   64   62   59   55   50   44   39
   33   28   24   20   17   16   16   19   23   28   34   39   43   45   44   41
   38   35   34   35   39   45   53   62
   -45.0-175.0 180.0   5.0 450.0                            LAT/LON1/LON2/DLON/H
   67   77   86   94   99  102  101   97   90   80   69   56   45   35   28   23
   21   21   22   23   25   26   26   27   27   27   27   27   28   28   29   30
   32   34   37   40   44   47   49   50   50   48   45   41   35   30   24   18
   13    9    6    3    2    3    5    8   13   19   24   29   33   35   34   32
   30   28   27   28   32   39   47   57
   -50.0-175.0 180.0   5.0 450.0                            LAT/LON1/LON2/DLON/H
   57   68   78   86   92   95   95   92   86   77   66   54   43   33   26   20
   17   15   15   16   17   19   20   21   22   23   23   23   24   24   25   25
   26   27   28   30   31   31   31   30   28   25   21   16   11    5    0   -5
   -9  -12  -13  -14  -13  -11   -8   -4    1    7   12   16   19   21   20   19
   17   16   16   18   22   28   37   47
   -55.0-175.0 180.0   5.0 450.0                            LAT/LON1/LON2/DLON/H
   43   53   63   71   77   80   81   79   73   66   57   47   38   29   22   16
   12   10   10   10   11   13   14   15   16   17   17   18   18   17   17   16
   16   15   15   14   13   12   10    7    4    0   -4   -9  -14  -18  -22  -26
  -28  -29  -29  -29  -27  -23  -20  -15  -10   -5   -1    2    4    5    5    4
    3    2    3    5    9   16   24   33
   -60.0-175.0 180.0   5.0 450.0                            LAT/LON1/LON2/DLON/H
   28   36   44   51   57   60   61   60   57   51   45   38   30   24   18   13
    9    7    6    6    7    8    9   10   10   11   11   11   10    9    8    6
    4    3    0   -2   -4   -7  -10  -14  -17  -21  -25  -29  -33  -36  -38  -40
  -41  -41  -40  -38  -35  -32  -28  -24  -19  -16  -13  -10   -9   -8   -8   -9
   -9   -9   -8   -5   -1    4   11   19
   -65.0-175.0 180.0   5.0 450.0                            LAT/LON1/LON2/DLON/H
   14   21   27   32   37   40   41   41   39   36   32   28   23   18   14   11
    8    6    5    5    5    5    5    6    6    6    5    4    3    2   -0   -3
   -5   -8  -11  -14  -17  -20  -24  -27  -31  -34  -37  -40  -42  -44  -45  -46
  -45  -44  -43  -40  -38  -34  -31  -28  -25  -22  -20  -18  -17  -16  -16  -16
  -16  -15  -14  -11   -8   -4    2    8
   -70.0-175.0 180.0   5.0 450.0                            LAT/LON1/LON2/DLON/H
    6   10   15   18   21   24   25   25   25   24   22   20   17   15   12   10
    8    7    6    5    5    4    4    4    3    2    1    0   -1   -3   -5   -8
  -10  -13  -16  -19  -22  -25  -28  -31  -34  -37  -39  -40  -42  -42  -43  -43
  -42  -40  -39  -37  -34  -32  -29  -27  -25  -23  -21  -20  -19  -18  -18  -17
  -16  -15  -14  -12   -9   -6   -2    2
     2                                                      END OF TEC MAP
     2                                                      START OF RMS MAP
  2019     7    18     0    40     0                        EPOCH OF CURRENT MAP
    70.0-175.0 180.0   5.0 450.0                            LAT/LON1/LON2/DLON/H
   45   46   46   46   45   45   45   45   45   45   45   45   45   45   46   46
   46   47   47   48   48   49   49   49   50   50   50   51   51   51   52   52
   53   53   53   53   53   53   53   52   52   52   51   51   51   51   50   50
   50   50   50   49   49   48   48   47   47   47   46   46   45   45   45   45
   45   45   45   45   45   45   45   45
    65.0-175.0 180.0   5.0 450.0                            LAT/LON1/LON2/DLON/H
   46   46   46   46   45   45   45   45   45   45   45   45   45   45   45   46
   46   47   47   48   49   49   50   50   50   50   51   51   51   52   52   52
   52   52   52   52   52   52   52   52   52   51   51   51   51   51   50   50
   50   50   50   49   49   48   48   47   47   46   46   45   45   45   45   45
   45   45   45   45   45   45   45   45
    60.0-175.0 180.0   5.0 450.0                            LAT/LON1/LON2/DLON/H
   46   46   46   46   45   45   45   45   45   45   45   45   45   45   45   46
   46   47   47   48   49   49   49   50   50   50   51   51   51   51   51   51
   51   51   51   50   50   50   50   50   50   50   51   51   50   50   50   50
   49   49   49   49   48   48   47   47   46   46   46   45   45   45   45   45
   45   45   45   45   45   45   45   46
    55.0-175.0 180.0   5.0 450.0                            LAT/LON1/LON2/DLON/H
   46   46   46   46   45   45   45   45   45   45   45   45   45   45   45   45
   46   46   47   48   48   48   49   49   49   50   50   50   50   50   50   50
   49   49   48   48   48   48   48   49   49   49   50   50   50   50   49   49
   48   48   48   48   48   47   47   47   46   46   45   45   45   45   45   45
   45   45   45   45   45   45   45   46
    50.0-175.0 180.0   5.0 450.0                            LAT/LON1/LON2/DLON/H
   46   46   46   46   45   45   45   45   45   45   45   45   45   45   45   45
   46   46   47   47   48   48   48   48   48   49   49   50   50   50   49   49
   48   47   47   47   47   47   47   47   48   48   49   49   49   49   49   48
   48   47   47   47   47   47   47   47   46   46   46   45   45   45   45   45
   45   45   45   45   45   45   45   46
    45.0-175.0 180.0   5.0 450.0                            LAT/LON1/LON2/DLON/H
   46   46   46   46   45   45   45   45   45   45   45   45   45   45   45   45
   46   46   47   47   47   47   47   47   48   48   49   49   49   49   48   48
   47   47   46   46   46   46   46   46   47   47   47   48   48   48   48   48
   47   47   47   46   47   47   47   47   47   46   46   45   45   45   45   45
