solutions/ex16/AUSG1990.19I
     1.1            I                   GNS                 IONEX VERSION / TYPE
AUSACS              Geoscience Australia2022-02-23 13:43:38 PGM / RUN BY / DATE
  COSZ                                                      MAPPING FUNCTION
    10.0                                                    ELEVATION CUTOFF
  6378.1                                                    BASE RADIUS
     2                                                      MAP DIMENSION
   450.0 450.0   0.0                                        HGT1 / HGT2 / DHGT
    70.0 -70.0  -5.0                                        LAT1 / LAT2 / DLAT
  -175.0 180.0   5.0                                        LON1 / LON2 / DLON
    -1                                                      EXPONENT
AUSNETWORK1                                                 COMMENT
                                                            END OF HEADER
[from data line 3187]
    10                                                      START OF TEC MAP
  2019     7    18     1    20     0                        EPOCH OF CURRENT MAP
    70.0-175.0 180.0   5.0 450.0                            LAT/LON1/LON2/DLON/H
   62   63   64   64   64   64   64   64   64   65   65   66   67   67   68   68
   68   68   67   65   63   60   56   52   48   42   37   32   27   22   17   13
   10    7    6    5    5    5    6    8    9   11   12   14   15   17   18   19
   20   20   21   21   22   22   22   23   23   24   25   26   28   30   33   36
   39   42   46   49   53   56   58   60
    65.0-175.0 180.0   5.0 450.0                            LAT/LON1/LON2/DLON/H
   77   77   76   75   73   71   69   67   66   65   65   65   65   65   66   66
   66   66   65   63   60   57   53   48   43   37   31   25   19   13    8    4
    1   -1   -2   -2   -1    1    4    7   10   12   15   18   20   22   23   25
   26   27   28   28   29   29   30   30   30   31   32   33   35   37   40   44
   48   53   58   62   67   71   74   76
    60.0-175.0 180.0   5.0 450.0                            LAT/LON1/LON2/DLON/H
   94   93   90   87   83   79   74   71   68   65   64   63   62   62   63   63
   62   62   60   59   56   53   49   45   40   34   28   22   16   10    5    1
   -2   -3   -3   -2    1    4    8   12   16   19   22   25   27   29   31   33
   34   36   37   38   39   40   40   40   40   40   41   42   43   46   49   54
   59   65   71   77   83   87   91   93
    55.0-175.0 180.0   5.0 450.0                            LAT/LON1/LON2/DLON/H
  109  107  103   98   92   85   79   74   69   66   63   62   61   60   60   59
   58   57   56   54   51   49   46   42   38   34   29   24   18   13    9    5
    3    2    3    5    8   12   17   21   26   29   32   34   36   37   39   41
   43   45   47   48   50   51   51   51   51   50   50   50   51   54   57   62
   68   75   82   90   97  102  106  109
    50.0-175.0 180.0   5.0 450.0                            LAT/LON1/LON2/DLON/H
  119  116  111  105   98   90   83   77   71   68   65   63   62   61   59   58
   56   54   51   49   47   45   43   42   39   37   34   30   26   22   18   15
   13   12   13   16   19   24   28   32   36   38   40   41   42   42   44   46
   48   51   54   57   59   60   61   61   60   59   58   57   58   59   63   67
   74   81   90   98  106  112  117  119
    45.0-175.0 180.0   5.0 450.0                            LAT/LON1/LON2/DLON/H
  123  120  115  108  100   92   85   79   74   71   69   67   66   64   62   59
   56   52   49   46   43   42   42   41   41   41   40   38   36   33   29   26
   24   24   24   27   30   34   37   41   43   44   44   43   43   43   45   47
   50   54   58   62   65   67   68   68   67   65   63   62   62   63   66   71
   77   85   93  102  111  117  122  124
    40.0-175.0 180.0   5.0 450.0                            LAT/LON1/LON2/DLON/H
  124  121  115  108  100   93   86   81   78   76   74   74   73   71   68   63
   58   53   48   43   41   39   40   41   43   44   45   45   44   42   39   36
   34   33   33   34   37   39   42   44   45   44   43   41   40   40   41   44
   49   54   59   64   68   71   72   72   71   69   68   66   66   67   70   74
   80   88   96  105  113  119  124  125
    35.0-175.0 180.0   5.0 450.0                            LAT/LON1/LON2/DLON/H
  125  121  115  108  101   95   90   86   84   83   83   83   83   80   76   70
   63   56   48   43   39   37   37   39   42   44   46   47   47   45   43   40
   38   36   35   36   37   39   41   42   42   40   38   35   34   34   36   40
   45   52   58   64   69   72   73   74   73   73   72   71   72   73   76   80
   86   93  101  110  117  122  126  127
    30.0-175.0 180.0   5.0 450.0                            LAT/LON1/LON2/DLON/H
  130  126  120  114  107  102   97   94   93   94   95   95   95   92   87   79
   70   60   50   43   37   35   34   36   38   40   42   44   44   42   40   38
   35   33   32   32   33   34   35   36   35   33   30   28   26   27   30   35
   41   49   56   63   68   72   74   75   76   77   77   79   80   83   87   92
   98  105  112  119  125  130  132  132
    25.0-175.0 180.0   5.0 450.0                            LAT/LON1/LON2/DLON/H
  142  138  132  126  120  114  110  107  106  107  108  109  108  105   98   89
   77   65   53   44   36   32   31   31   32   33   35   35   35   34   33   30
   28   26   25   24   25   26   27   27   27   25   23   21   20   22   25   31
   38   46   54   61   67   71   74   77   80   82   85   89   93   97  102  108
  114  121  128  134  140  143  145  144
    20.0-175.0 180.0   5.0 450.0                            LAT/LON1/LON2/DLON/H
  159  155  150  144  138  131  126  123  121  122  123  123  122  117  109   98
   84   70   56   45   36   30   27   26   25   25   25   24   24   23   22   21
   20   18   17   16   16   17   18   19   20   19   18   17   17   18   22   28
   36   44   52   60   66   71   76   80   84   90   95  101  107  113  119  126
  133  140  147  153  157  161  162  162
    15.0-175.0 180.0   5.0 450.0                            LAT/LON1/LON2/DLON/H
  178  175  170  164  157  150  143  138  136  135  135  136  134  129  120  107
   91   74   59   46   36   29   24   21   19   17   16   14   13   13   13   13
   12   12   11   10   10   11   12   13   14   15   15   15   15   17   21   27
   34   42   50   58   65   71   77   83   90   97  104  112  119  127  134  141
  149  156  163  169  174  177  179  179
    10.0-175.0 180.0   5.0 450.0                            LAT/LON1/LON2/DLON/H
  191  190  185  179  172  163  155  149  145  144  144  144  143  137  127  113
   96   77   60   46   35   27   22   19   16   12    9    7    6    6    7    8
    9    9    8    7    7    7    8    9   11   12   13   14   15   17   21   26
   32   40   48   56   63   70   78   85   93  102  110  119  127  135  142  150
  157  165  172  178  183  187  190  192
     5.0-175.0 180.0   5.0 450.0                            LAT/LON1/LON2/DLON/H
  195  194  191  185  177  167  158  151  146  145  146  147  147  142  132  117
   98   79   60   45   34   27   22   18   14   10    7    4    2    3    4    6
    8    9    8    7    6    5    6    7    9   10   12   13   15   17   20   24
   30   37   45   53   61   69   77   85   94  103  111  120  128  135  142  149
  156  162  169  175  181  186  190  193
     0.0-175.0 180.0   5.0 450.0                            LAT/LON1/LON2/DLON/H
  184  185  183  177  169  159  149  142  138  138  141  144  145  142  132  117
   98   78   59   44   33   26   21   18   14   11    7    3    2    2    4    7
   10   11   10    9    7    5    4    5    7    9   11   12   14   16   19   23
   28   35   42   50   58   67   75   83   91   99  107  114  120  126  132  138
  144  149  155  161  166  172  177  181
    -5.0-175.0 180.0   5.0 450.0                            LAT/LON1/LON2/DLON/H
  162  164  162  157  149  140  130  124  121  123  128  134  138  137  129  115
   96   76   57   42   31   25   21   19   16   12    8    5    3    3    5    8
   11   12   12   10    8    5    4    4    5    7    9   12   14   16   18   22
   27   33   40   48   56   63   71   78   84   91   97  102  107  112  116  120
  124  128  132  137  142  147  153  158
   -10.0-175.0 180.0   5.0 450.0                            LAT/LON1/LON2/DLON/H
  133  135  134  130  123  114  106  101  100  104  112  121  127  128  122  110
   92   73   55   40   30   24   21   19   17   13    9    6    3    3    5    8
   11   13   13   12    9    7    5    5    6    8   10   13   15   18   21   24
   29   34   41   47   54   60   65   70   75   80   84   88   91   94   97  100
  102  104  107  109  113  117  123  128
   -15.0-175.0 180.0   5.0 450.0                            LAT/LON1/LON2/DLON/H
  103  106  106  102   96   89   82   79   80   86   96  106  114  117  114  103
   87   69   52   38   29   24   21   20   17   14   10    6    3    2    3    6
   10   12   14   14   12   11    9    9   10   12   15   18   21   23   27   30
   34   39   43   48   52   56   59   62   65   67   70   73   75   78   80   82
   83   83   84   84   86   89   94   99
   -20.0-175.0 180.0   5.0 450.0                            LAT/LON1/LON2/DLON/H
   80   83   83   81   76   70   65   63   65   72   83   94  102  106  104   95
   81   65   50   38   29   24   22   20   18   14    9    5    1    0    1    4
    8   12   15   17   18   18   18   18   19   22   24   27   30   33   36   39
   42   45   48   50   52   53   54   54   55   56   58   60   63   65   67   69
   69   68   67   66   66   68   71   76
   -25.0-175.0 180.0   5.0 450.0                            LAT/LON1/LON2/DLON/H
   66   69   70   69   66   62   58   57   60   66   75   85   92   96   94   87
   75   61   48   38   30   26   23   21   18   14    9    4    1   -1    0    4
    9   14   19   23   26   28   29   31   33   35   37   39   42   44   46   48
   50   51   51   51   50   49   47   46   45   46   47   50   53   57   59   61
   61   60   58   56   55   56   58   62
   -30.0-175.0 180.0   5.0 450.0                            LAT/LON1/LON2/DLON/H
   61   65   67   68   66   63   61   60   62   66   73   79   85   87   84   78
   68   57   46   37   31   27   24   22   19   15   10    5    2    1    2    6
   12   18   25   31   36   40   43   45   47   48   50   51   53   54   54   55
   55   54   52   50   47   43   40   38   37   37   39   42   47   51   54   56
   57   56   54   52   51   51   53   57
   -35.0-175.0 180.0   5.0 450.0                            LAT/LON1/LON2/DLON/H
   62   67   71   73   73   71   70   69   69   71   74   77   78   78   75   69
   60   51   43   36   31   27   25   23   20   16   12    8    5    4    6   10
   17   24   32   39   46   50   54   56   57   58   58   58   58   57   56   55
   53   51   47   44   39   35   31   29   27   28   31   35   40   45   49   51
   53   52   51   50   49   50   53   57
   -40.0-175.0 180.0   5.0 450.0                            LAT/LON1/LON2/DLON/H
   64   70   75   78   80   80   79   77   76   75   75   74   72   69   65   59
   51   44   38   32   29   26   24   23   20   17   14   11    9    9   12   16
   22   30   37   45   51   56   59   60   61   60   59   57   55   53   50   47
   44   40   36   32   27   23   20   18   17   19   22   26   32   37   41   44
   46   46   46   46   47   49   53   58
   -45.0-175.0 180.0   5.0 450.0                            LAT/LON1/LON2/DLON/H
   62   69   75   79   82   83   83   81   79   76   72   69   64   59   54   48
   41   36   31   27   25   23   22   21   19   18   16   14   13   14   16   20
   26   32   39   45   50   53   55   55   54   52   49   46   42   39   35   31
   27   23   19   15   12    9    6    5    6    8   11   16   21   25   30   33
   35   36   37   38   40   44   49   55
   -50.0-175.0 180.0   5.0 450.0                            LAT/LON1/LON2/DLON/H
   54   62   68   74   77   79   79   77   74   70   66   60   54   48   42   36
   31   26   23   20   19   18   18   17   17   16   15   15   15   16   18   21
   25   29   34   38   41   42   42   41   39   35   31   27   22   18   14   10
    6    3   -0   -3   -5   -7   -7   -7   -6   -3    0    4    8   12   16   19
   21   23   25   27   30   35   40   47
   -55.0-175.0 180.0   5.0 450.0                            LAT/LON1/LON2/DLON/H
   43   50   56   61   65   67   68   66   64   60   55   49   43   37   31   26
   21   18   15   13   13   12   12   13   13   13   13   13   14   14   16   18
   20   22   24   26   26   26   24   22   18   14    9    5    0   -4   -8  -11
  -14  -16  -18  -19  -20  -20  -19  -18  -16  -13  -10   -7   -3    0    3    5
    7   10   12   15   18   23   29   36
   -60.0-175.0 180.0   5.0 450.0                            LAT/LON1/LON2/DLON/H
   30   36   41   46   49   52   52   51   49   46   42   37   32   27   22   18
   14   11    9    8    8    8    8    8    9    9    9   10   10   10   11   11
   12   12   12   11   10    8    5    2   -2   -6  -11  -15  -19  -23  -26  -28
  -29  -30  -31  -31  -30  -29  -27  -25  -22  -20  -17  -14  -11   -9   -7   -5
   -3   -1    2    5    8   13   18   24
   -65.0-175.0 180.0   5.0 450.0                            LAT/LON1/LON2/DLON/H
   20   24   28   32   35   36   37   37   35   33   30   27   23   20   16   13
   10    8    7    6    5    5    5    5    6    6    6    6    6    5    5    4
    3    2    1   -1   -4   -6   -9  -13  -17  -20  -24  -27  -30  -33  -35  -36
  -36  -36  -36  -35  -33  -31  -29  -27  -24  -22  -19  -17  -15  -13  -11   -9
   -7   -5   -3   -0    3    6   10   15
   -70.0-175.0 180.0   5.0 450.0                            LAT/LON1/LON2/DLON/H
   14   17   20   22   24   25   26   26   25   24   22   20   18   16   14   12
   10    8    7    6    6    5    5    5    5    4    4    3    3    2    1   -0
   -2   -4   -6   -8  -11  -13  -16  -19  -22  -25  -27  -29  -31  -33  -34  -34
  -34  -33  -32  -31  -29  -27  -25  -23  -21  -18  -16  -14  -12  -11   -9   -7
   -6   -4   -2   -0    2    5    8   11
    10                                                      END OF TEC MAP
    10                                                      START OF RMS MAP
  2019     7    18     1    20     0                        EPOCH OF CURRENT MAP
    70.0-175.0 180.0   5.0 450.0                            LAT/LON1/LON2/DLON/H
   33   33   33   33   33   33   33   33   34   34   34   34   34   34   34   34
   34   34   34   34   35   35   35   35   35   35   36   36   36   37   37   38
   38   39   39   39   39   39   38   38   37   37   36   36   35   35   35   35
   35   35   35   34   34   34   34   34   34   34   34   34   34   34   34   34
   34   34   33   33   33   33   33   33
    65.0-175.0 180.0   5.0 450.0                            LAT/LON1/LON2/DLON/H
   33   33   33   33   33   33   33   33   33   33   33   33   33   34   34   34
   34   34   34   34   34   35   35   35   35   35   35   35   36   36   37   37
   38   38   38   39   38   38   38   37   37   36   36   35   35   35   35   34
   34   34   34   34   34   34   34   34   34   34   34   34   34   34   34   33
   33   33   33   33   33   33   33   33
    60.0-175.0 180.0   5.0 450.0                            LAT/LON1/LON2/DLON/H
   33   33   33   33   33   33   33   33   33   33   33   33   33   33   33   34
   34   34   34   34   34   34   34   35   35   35   35   35   35   35   36   36
   37   37   37   37   37   37   37   36   36   36   35   35   35   35   34   34
   34   34   34   34   34   34   34   34   34   34   34   34   34   33   33   33
   33   33   33   33   33   33   33   33
    55.0-175.0 180.0   5.0 450.0                            LAT/LON1/LON2/DLON/H
   33   33   33   33   33   33   33   33   33   33   33   33   33   33   33   33
   34   34   34   34   34   34   34   34   34   34   34   34   35   35   35   35
   35   36   36   36   36   35   35   35   35   35   35   35   35   34   34   34
   34   34   34   33   33   33   33   33   33   33   33   33   33   33   33   33
   33   33   33   33   33   33   33   33
    50.0-175.0 180.0   5.0 450.0                            LAT/LON1/LON2/DLON/H
   33   33   33   33   33   33   33   33   33   33   33   33   33   33   33   33
   33   34   34   34   34   34   34   34   34   34   34   34   34   35   35   35
   35   35   35   35   35   35   35   35   35   35   35   35   34   34   34   34
   34   34   33   33   33   33   33   33   33   33   33   33   33   33   33   33
   33   33   33   33   33   33   33   33
    45.0-175.0 180.0   5.0 450.0                            LAT/LON1/LON2/DLON/H
   33   33   33   33   33   33   33   33   33   33   33   33   33   33   33   33
   33   33   33   34   34   33   33   33   34   34   34   34   34   34   35   35
   35   35   34   34   34   34   34   34   34   34   34   34   34   34   34   34
   34   33   33   33   33   33   33   33   33   33   33   33   33   33   33   33
