products/codg1990.19i
     1.0            IONOSPHERE MAPS     GNSS                IONEX VERSION / TYPE
ADDNEQ2 V5.3        AIUB                22-JUL-19 23:54     PGM / RUN BY / DATE 
CODE'S GLOBAL IONOSPHERE MAPS FOR DAY 199, 2019             COMMENT             
Global ionosphere maps (GIM) are generated on a daily basis DESCRIPTION         
at CODE using data from about 300 GNSS sites of the IGS and DESCRIPTION         
other institutions. The vertical total electron content     DESCRIPTION         
(VTEC) is modeled in a solar-geomagnetic reference frame    DESCRIPTION         
using a spherical harmonics expansion up to degree and      DESCRIPTION         
order 15. Piece-wise linear functions are used for          DESCRIPTION         
representation in the time domain. The time spacing of      DESCRIPTION         
their vertices is 1 hour, conforming with the epochs of the DESCRIPTION         
VTEC maps.                                                  DESCRIPTION         
To convert line-of-sight TEC into vertical TEC, a modified  DESCRIPTION         
single-layer model mapping function approximating the JPL   DESCRIPTION         
extended slab model mapping function is adopted. The        DESCRIPTION         
mapping function is evaluated at geodetic satellite         DESCRIPTION         
elevation angles. For the computation of the ionospheric    DESCRIPTION         
pierce points, a spherical layer with a radius of 6821 km   DESCRIPTION         
is assumed, implying geocentric, not geodetic IONEX         DESCRIPTION         
latitudes.                                                  DESCRIPTION         
Instrumental biases with respect to each involved GNSS code DESCRIPTION         
observable are estimated as constant values for each        DESCRIPTION         
day. They are modeled with one set of bias parameters for   DESCRIPTION         
each satellite and each station in case of GPS and for each DESCRIPTION         
satellite-station link in case of GLONASS. The code bias    DESCRIPTION         
datum is defined by zero-mean conditions imposed on the     DESCRIPTION         
satellite bias estimates. In this file, just GPS C1W-C2W    DESCRIPTION         
satellite and station bias values are included. The         DESCRIPTION         
complete set of GNSS code bias results is provided in an    DESCRIPTION         
additional Bias-SINEX file as pseudo-absolute values        DESCRIPTION         
specific to each observable.                                DESCRIPTION         
Note: These GIM results correspond to the results for the   DESCRIPTION         
middle day of a 3-day combination analysis solving for 73   DESCRIPTION         
times 256, or 18688 VTEC parameters and 3 daily sets of     DESCRIPTION         
GNSS code bias parameters.                                  DESCRIPTION         
Contact address: code(at)aiub.unibe.ch                      DESCRIPTION         
Data archive:    ftp.aiub.unibe.ch/CODE/                    DESCRIPTION         
                 www.aiub.unibe.ch/download/CODE/           DESCRIPTION         
  2019     7    18     0     0     0                        EPOCH OF FIRST MAP  
  2019     7    19     0     0     0                        EPOCH OF LAST MAP   
  3600                                                      INTERVAL            
[...]
chti coco cord cpvg cpxf cro1 daej darw dav1 dgar dhlg drao COMMENT             
dubo ebre faa1 fair flin flrs frdn ftna func ganp glps glsv COMMENT             
gmsd gode godz gol2 gold gope gras graz guug harb hers hert COMMENT             
hlfx hnpt hob2 hofn holb hrao iddr ieng iisc impz ineg invk COMMENT             
iqal isba jog2 joz2 joze karr kerg kir0 kiri kiru kit3 kokb COMMENT             
kokv koug krgg laut lhaz lmmf lpal lpgs m0se mac1 madr mag0 COMMENT             
maju mana mas1 mat1 mate maui maw1 mcil mcm4 mdo1 mdvj medi COMMENT             
mets mgue mizu mkea mnls mobj mobk mobs monp morp mqzg mro1 COMMENT             
mtka nano naur nico nium nklg nlib nnor not1 nrc1 nril nrmd COMMENT             
ntus nya1 nyal ohi2 ohi3 onsa opmt ous2 pado park pdel penc COMMENT             
pert pfa2 pie1 pimo pohn pol2 polv pots pove prds ptag ptbb COMMENT             
ptvl qaq1 quin rabt ramo rbay reun reyk rgdg rio2 riop roth COMMENT             
salu samo sant savo sch2 scor scrz sctb scub seyg sfer smst COMMENT             
sofi spt0 ssia sthl stjo stk2 str2 suth sutm suwn sydn syog COMMENT             
tabl tash thtg thti thu2 tid1 tidb tixg tixi tlse tong tow2 COMMENT             
tro1 tsea tskb twtf txes uclu ufpr ulab unb3 unbj unbn unsa COMMENT             
untr urum usn7 usud vald vill voim vtsp wab1 wab2 wark wes2 COMMENT             
wgtn whit will wind wsrt wtza wtzl wtzr wtzs wtzz xmis yakt COMMENT             
yar2 yar3 yarr yell yssk zamb zeck zim2 zim3 zimj zimm      COMMENT             
                                                            END OF HEADER       
     1                                                      START OF TEC MAP    
  2019     7    18     0     0     0                        EPOCH OF CURRENT MAP
    87.5-180.0 180.0   5.0 450.0                            LAT/LON1/LON2/DLON/H
   73   74   74   74   75   75   75   75   75   75   75   74   74   74   73   73
   72   72   71   70   69   69   68   67   66   66   65   64   64   63   62   62
   62   61   61   60   60   60   60   60   60   60   60   60   60   60   61   61
   61   61   62   62   63   63   63   64   64   65   66   66   67   67   68   68
   69   70   70   71   71   72   72   73   73
    85.0-180.0 180.0   5.0 450.0                            LAT/LON1/LON2/DLON/H
   77   77   78   79   80   80   81   81   81   81   81   80   80   79   78   77
   76   75   73   72   70   69   67   66   64   62   61   60   58   57   56   55
   55   54   54   54   53   53   53   53   54   54   54   54   55   55   56   56
   56   57   57   58   59   59   60   60   61   62   63   64   64   65   66   67
   68   69   70   71   72   73   75   76   77
    82.5-180.0 180.0   5.0 450.0                            LAT/LON1/LON2/DLON/H
   77   78   79   81   82   83   84   84   85   85   85   84   84   83   81   80
   78   77   75   72   70   68   65   63   61   58   56   54   53   51   50   49
   49   48   48   48   48   48   49   49   50   50   51   51   52   52   53   53
   54   54   55   55   56   56   57   57   58   59   60   60   61   62   63   64
   66   67   68   69   71   72   74   75   77
    80.0-180.0 180.0   5.0 450.0                            LAT/LON1/LON2/DLON/H
   74   75   77   79   81   82   83   84   85   85   85   85   84   83   82   81
   79   77   74   72   69   66   63   60   57   55   52   50   48   46   45   44
   44   44   44   44   45   46   46   47   48   49   49   50   51   51   52   52
   52   53   53   54   54   54   55   55   56   56   57   58   58   59   60   61
   62   63   64   65   67   68   70   72   74
    77.5-180.0 180.0   5.0 450.0                            LAT/LON1/LON2/DLON/H
   69   71   73   75   77   79   80   81   82   83   83   83   82   81   80   79
   77   75   73   70   67   64   61   58   55   52   49   46   44   43   41   41
   41   41   42   43   44   45   46   47   48   49   50   50   51   51   52   52
   52   53   53   53   53   54   54   54   55   55   55   56   56   57   57   58
   58   59   60   61   62   63   65   67   69
    75.0-180.0 180.0   5.0 450.0                            LAT/LON1/LON2/DLON/H
   63   65   68   70   72   74   76   77   78   78   78   78   78   77   76   75
   74   72   71   68   66   63   60   57   53   50   47   44   42   41   40   39
   40   40   41   43   44   45   46   47   48   49   49   50   50   51   51   52
   52   53   53   53   54   54   54   54   54   55   55   55   55   56   56   56
   56   56   56   57   57   58   60   61   63
    72.5-180.0 180.0   5.0 450.0                            LAT/LON1/LON2/DLON/H
   59   61   63   66   68   70   71   72   73   73   73   73   73   72   72   71
   71   69   68   66   64   62   59   56   53   50   47   44   42   40   39   39
   40   40   42   43   44   45   46   47   47   47   48   48   48   49   50   50
   51   52   53   53   54   54   54   55   55   55   55   56   56   56   56   55
   55   55   54   54   54   55   56   57   59
    70.0-180.0 180.0   5.0 450.0                            LAT/LON1/LON2/DLON/H
   57   59   61   63   65   67   68   69   69   69   69   69   68   68   68   68
   67   67   66   65   63   62   59   57   54   51   48   45   43   41   40   40
   40   40   41   42   43   43   43   43   43   43   44   44   45   45   47   48
   50   51   52   53   54   55   55   55   56   56   56   57   57   57   57   56
   56   55   54   54   54   54   54   55   57
    67.5-180.0 180.0   5.0 450.0                            LAT/LON1/LON2/DLON/H
   58   60   62   64   65   66   67   67   67   67   66   66   66   66   66   66
   66   65   65   64   63   61   60   57   55   52   49   47   44   42   41   40
   40   40   40   40   40   39   39   38   38   37   38   38   39   41   43   45
   47   50   52   53   54   55   56   56   56   57   58   58   59   59   59   58
   58   57   56   55   55   55   55   56   58
    65.0-180.0 180.0   5.0 450.0                            LAT/LON1/LON2/DLON/H
   61   63   65   66   68   68   68   68   67   66   66   65   65   65   65   66
   65   65   64   63   62   61   59   58   56   53   51   48   45   43   41   40
   39   38   37   36   35   34   33   32   31   31   31   32   34   36   38   42
   45   48   51   53   55   56   56   57   57   58   59   60   60   61   61   60
   60   59   59   59   59   59   59   60   61
    62.5-180.0 180.0   5.0 450.0                            LAT/LON1/LON2/DLON/H
   67   68   70   71   72   72   71   70   69   67   67   66   66   67   67   67
   67   66   65   63   62   60   59   58   56   54   52   49   46   44   41   39
   38   36   34   32   30   28   26   25   25   25   26   27   30   32   36   39
   43   47   50   53   55   56   57   57   58   58   60   61   62   62   62   62
   62   62   63   63   64   64   65   66   67
    60.0-180.0 180.0   5.0 450.0                            LAT/LON1/LON2/DLON/H
   73   74   76   77   77   77   75   73   71   70   69   68   69   69   70   70
   69   68   66   64   61   60   59   58   56   55   53   50   47   44   42   39
   37   34   31   28   26   24   22   21   22   22   24   26   28   31   35   39
   43   47   51   54   56   57   57   58   58   59   61   62   63   63   63   63
   64   65   66   68   70   71   71   72   73
    57.5-180.0 180.0   5.0 450.0                            LAT/LON1/LON2/DLON/H
   79   80   81   82   83   82   80   77   75   73   71   71   71   72   73   73
   72   70   68   65   62   60   59   58   57   56   54   51   48   45   42   39
   36   33   30   26   23   22   21   21   22   24   26   28   31   33   36   40
   44   48   52   55   57   58   59   59   59   61   62   64   64   64   64   64
   65   67   70   73   75   77   78   78   79
    55.0-180.0 180.0   5.0 450.0                            LAT/LON1/LON2/DLON/H
   84   85   86   87   88   87   85   82   79   76   74   74   74   74   75   75
   74   73   70   66   63   61   60   59   59   57   55   52   49   46   43   41
   37   34   30   26   24   23   23   25   27   29   31   34   36   38   41   43
   47   50   54   57   59   60   61   61   62   63   65   66   67   66   65   65
   66   69   73   77   80   82   83   83   84
    52.5-180.0 180.0   5.0 450.0                            LAT/LON1/LON2/DLON/H
   86   87   89   91   92   92   89   86   83   80   78   76   76   76   76   77
   76   75   72   69   66   63   62   62   62   60   58   54   51   48   45   43
   40   36   32   29   27   28   29   32   35   38   40   42   44   45   46   48
   50   53   57   60   62   63   63   64   65   67   69   70   70   69   68   67
   68   72   76   81   84   86   86   86   86
    50.0-180.0 180.0   5.0 450.0                            LAT/LON1/LON2/DLON/H
   86   88   90   93   95   95   94   91   88   85   82   80   78   77   77   77
   77   76   74   72   69   67   66   66   66   64   61   57   53   50   47   45
   43   39   36   33   33   35   38   42   45   48   50   51   52   53   53   53
   54   56   59   62   64   65   66   67   69   71   74   75   75   73   71   70
   72   75   80   84   87   88   88   87   86
    47.5-180.0 180.0   5.0 450.0                            LAT/LON1/LON2/DLON/H
   85   86   90   94   97   98   98   97   95   92   89   85   82   79   78   78
   78   78   77   75   73   72   72   72   72   70   65   60   55   52   50   48
   46   43   40   39   40   43   48   53   56   58   59   60   60   60   60   59
   59   60   62   64   67   68   69   71   73   76   79   81   80   78   76   75
   76   80   84   88   89   89   87   85   85
    45.0-180.0 180.0   5.0 450.0                            LAT/LON1/LON2/DLON/H
   82   84   88   93   97  100  101  102  101  100   97   92   87   83   80   79
   79   79   79   78   77   77   78   79   78   75   70   63   57   53   52   51
   50   48   45   45   47   52   58   63   65   66   66   66   67   67   66   64
   63   62   64   66   69   70   72   74   77   81   85   86   86   84   82   81
   82   85   89   91   91   89   86   83   82
    42.5-180.0 180.0   5.0 450.0                            LAT/LON1/LON2/DLON/H
   80   82   86   92   97  101  103  106  108  108  106  100   94   88   84   82
   81   81   81   81   81   82   83   85   84   81   73   65   58   54   53   53
   53   52   51   51   55   61   67   71   73   72   71   71   72   72   71   69
   66   65   65   67   70   72   74   77   81   85   89   91   91   89   88   87
   89   92   94   95   94   90   85   81   80
    40.0-180.0 180.0   5.0 450.0                            LAT/LON1/LON2/DLON/H
   80   82   86   91   96  100  104  109  113  116  114  109  102   95   90   86
   85   84   84   84   84   86   88   90   89   85   76   66   58   54   53   55
   56   56   56   58   62   69   75   79   79   77   75   74   75   76   76   73
   69   66   65   67   70   73   76   79   83   88   92   94   94   94   93   94
   96   99  100  100   97   92   87   82   80
    37.5-180.0 180.0   5.0 450.0                            LAT/LON1/LON2/DLON/H
   84   85   88   92   95   98  103  109  117  122  122  118  111  104   98   93
   90   88   87   87   87   89   91   93   92   87   77   67   58   54   54   56
   59   60   62   64   70   76   82   84   83   80   77   77   78   80   79   75
   70   66   64   66   69   73   76   80   84   89   93   95   96   96   97   99
  103  106  107  105  102   97   91   87   84
    35.0-180.0 180.0   5.0 450.0                            LAT/LON1/LON2/DLON/H
   94   94   95   96   96   97  101  108  118  125  127  125  119  113  107  101
   96   92   90   89   89   90   92   94   92   87   77   66   57   54   54   58
   62   65   68   71   77   82   87   88   86   82   79   79   81   82   81   76
   70   64   62   63   67   71   76   80   84   89   92   95   96   97  100  104
  109  112  113  112  109  105  100   96   94
    32.5-180.0 180.0   5.0 450.0                            LAT/LON1/LON2/DLON/H
  108  106  106  104  100   98   99  107  117  126  130  129  126  121  116  110
  103   97   94   93   92   92   93   93   91   85   76   65   57   54   55   59
   65   69   74   78   83   87   90   91   88   83   81   80   82   83   80   75
   67   61   58   59   63   69   74   79   84   88   91   93   95   97  101  107
  113  118  120  120  118  116  113  110  108
    30.0-180.0 180.0   5.0 450.0                            LAT/LON1/LON2/DLON/H
  125  123  121  116  108  102  100  106  116  125  130  131  130  129  125  118
  110  103   99   97   95   94   92   91   88   82   73   64   57   55   56   61
   67   73   79   83   87   90   91   90   87   84   81   81   82   81   77   70
   62   56   53   54   59   65   72   78   82   86   89   91   93   97  102  110
  118  123  127  129  129  130  129  127  125
    27.5-180.0 180.0   5.0 450.0                            LAT/LON1/LON2/DLON/H
  144  142  138  131  120  110  105  108  117  125  129  132  134  135  132  125
  116  108  104  102  100   96   92   88   84   78   70   63   58   56   58   62
   69   76   82   86   89   89   89   87   84   82   80   79   79   77   71   64
   55   49   46   48   54   61   69   75   81   85   88   90   93   97  104  113
  121  129  134  137  141  144  146  146  144
    25.0-180.0 180.0   5.0 450.0                            LAT/LON1/LON2/DLON/H
  161  159  155  147  135  122  114  114  120  126  130  133  137  140  139  131
  121  113  110  109  106  100   92   85   79   73   67   62   59   58   59   63
   68   76   82   85   86   84   82   80   78   76   76   75   73   69   62   54
   46   40   39   41   48   56   65   73   79   84   87   90   93   99  107  116
  126  134  140  146  152  157  161  162  161
    22.5-180.0 180.0   5.0 450.0                            LAT/LON1/LON2/DLON/H
  174  173  170  163  151  137  127  125  128  131  133  136  141  146  145  136
  125  118  117  117  113  103   92   82   75   69   64   60   59   59   59   61
   66   72   78   80   79   75   72   69   68   68   68   67   64   58   51   44
   37   32   31   35   41   50   60   70   78   83   88   91   96  103  111  121
  131  139  146  153  160  167  172  174  174
    20.0-180.0 180.0   5.0 450.0                            LAT/LON1/LON2/DLON/H
  181  181  181  176  165  152  142  139  139  140  140  142  148  153  151  141
  130  124  125  126  120  107   92   79   70   64   60   58   58   58   58   58
   61   66   70   71   68   63   59   57   57   58   58   56   52   46   40   33
   28   25   25   28   35   45   56   67   77   84   89   95  101  109  118  128
  137  145  152  159  166  173  178  181  181
    17.5-180.0 180.0   5.0 450.0                            LAT/LON1/LON2/DLON/H
  182  184  185  184  177  166  158  154  153  152  150  152  157  161  158  146
  135  130  133  135  127  110   91   76   66   59   56   55   56   57   56   54
   54   57   60   60   56   50   46   44   45   46   46   44   40   34   29   24
   20   19   20   23   30   40   52   64   76   85   92   99  107  116  126  135
  143  150  157  162  169  175  179  181  182
    15.0-180.0 180.0   5.0 450.0                            LAT/LON1/LON2/DLON/H
  178  181  185  187  184  177  171  168  167  164  162  163  168  171  166  152
  140  137  142  143  132  112   89   72   61   55   52   51   52   53   52   49
   47   48   49   48   43   38   35   34   35   36   35   33   29   24   21   18
   16   15   16   19   25   35   48   62   76   87   96  104  114  125  135  144
  150  156  161  165  169  173  176  177  178
    12.5-180.0 180.0   5.0 450.0                            LAT/LON1/LON2/DLON/H
  173  176  181  185  186  183  180  179  178  176  173  175  180  181  174  159
  147  145  150  150  136  111   85   68   58   52   48   46   48   48   47   43
   41   40   39   38   34   30   28   28   28   28   27   24   21   18   16   15
   14   14   14   17   22   32   45   61   76   88   98  108  120  132  143  151
  157  161  164  166  168  170  171  172  173
    10.0-180.0 180.0   5.0 450.0                            LAT/LON1/LON2/DLON/H
  168  171  176  181  184  184  184  184  185  184  182  185  189  190  181  166
  154  154  158  155  137  108   81   63   54   49   44   41   42   43   42   39
   36   34   33   31   29   27   26   26   26   25   23   19   16   15   15   16
   15   14   14   16   21   30   44   60   76   89  100  111  124  138  150  158
  162  165  167  168  168  168  168  168  168
     7.5-180.0 180.0   5.0 450.0                            LAT/LON1/LON2/DLON/H
  168  169  173  177  180  182  183  185  187  187  187  190  195  195  186  171
  162  162  166  159  136  104   76   59   52   47   41   36   36   37   37   35
   33   31   30   29   29   29   30   30   28   26   22   18   16   16   17   18
   18   16   15   16   21   29   43   60   76   89  100  112  126  141  154  161
  166  168  170  170  169  168  167  167  168
     5.0-180.0 180.0   5.0 450.0                            LAT/LON1/LON2/DLON/H
  172  172  172  174  176  177  179  181  184  185  187  191  196  196  188  175
  168  170  172  161  134   99   71   56   50   45   38   32   30   31   33   33
   33   31   30   30   32   34   35   35   33   29   24   20   18   19   21   22
   21   18   16   17   21   30   43   59   75   87   98  110  125  141  154  162
  166  170  172  173  172  170  170  171  172
     2.5-180.0 180.0   5.0 450.0                            LAT/LON1/LON2/DLON/H
  178  177  175  173  172  172  173  175  177  179  182  187  192  193  186  177
  173  176  176  162  131   94   67   54   49   45   37   29   26   27   30   32
   33   33   33   34   36   39   42   41   37   32   27   23   22   23   25   26
   24   19   17   18   22   31   43   57   72   84   93  105  120  137  151  159
  164  169  173  176  176  175  176  178  178
