products/codg1990.19i
     1.0            IONOSPHERE MAPS     GNSS                IONEX VERSION / TYPE
ADDNEQ2 V5.3        AIUB                22-JUL-19 23:54     PGM / RUN BY / DATE 
CODE'S GLOBAL IONOSPHERE MAPS FOR DAY 199, 2019             COMMENT             
Global ionosphere maps (GIM) are generated on a daily basis DESCRIPTION         
at CODE using data from about 300 GNSS sites of the IGS and DESCRIPTION         
other institutions. The vertical total electron content     DESCRIPTION         
(VTEC) is modeled in a solar-geomagnetic reference frame    DESCRIPTION         
using a spherical harmonics expansion up to degree and      DESCRIPTION         
order 15. Piece-wise linear functions are used for          DESCRIPTION         
representation in the time domain. The time spacing of      DESCRIPTION         
their vertices is 1 hour, conforming with the epochs of the DESCRIPTION         
VTEC maps.                                                  DESCRIPTION         
To convert line-of-sight TEC into vertical TEC, a modified  DESCRIPTION         
single-layer model mapping function approximating the JPL   DESCRIPTION         
extended slab model mapping function is adopted. The        DESCRIPTION         
mapping function is evaluated at geodetic satellite         DESCRIPTION         
elevation angles. For the computation of the ionospheric    DESCRIPTION         
pierce points, a spherical layer with a radius of 6821 km   DESCRIPTION         
is assumed, implying geocentric, not geodetic IONEX         DESCRIPTION         
latitudes.                                                  DESCRIPTION         
Instrumental biases with respect to each involved GNSS code DESCRIPTION         
observable are estimated as constant values for each        DESCRIPTION         
day. They are modeled with one set of bias parameters for   DESCRIPTION         
each satellite and each station in case of GPS and for each DESCRIPTION         
satellite-station link in case of GLONASS. The code bias    DESCRIPTION         
datum is defined by zero-mean conditions imposed on the     DESCRIPTION         
satellite bias estimates. In this file, just GPS C1W-C2W    DESCRIPTION         
satellite and station bias values are included. The         DESCRIPTION         
complete set of GNSS code bias results is provided in an    DESCRIPTION         
additional Bias-SINEX file as pseudo-absolute values        DESCRIPTION         
specific to each observable.                                DESCRIPTION         
Note: These GIM results correspond to the results for the   DESCRIPTION         
middle day of a 3-day combination analysis solving for 73   DESCRIPTION         
times 256, or 18688 VTEC parameters and 3 daily sets of     DESCRIPTION         
GNSS code bias parameters.                                  DESCRIPTION         
Contact address: code(at)aiub.unibe.ch                      DESCRIPTION         
Data archive:    ftp.aiub.unibe.ch/CODE/                    DESCRIPTION         
                 www.aiub.unibe.ch/download/CODE/           DESCRIPTION         
  2019     7    18     0     0     0                        EPOCH OF FIRST MAP  
  2019     7    19     0     0     0                        EPOCH OF LAST MAP   
  3600                                                      INTERVAL            
[...]
chti coco cord cpvg cpxf cro1 daej darw dav1 dgar dhlg drao COMMENT             
dubo ebre faa1 fair flin flrs frdn ftna func ganp glps glsv COMMENT             
gmsd gode godz gol2 gold gope gras graz guug harb hers hert COMMENT             
hlfx hnpt hob2 hofn holb hrao iddr ieng iisc impz ineg invk COMMENT             
iqal isba jog2 joz2 joze karr kerg kir0 kiri kiru kit3 kokb COMMENT             
kokv koug krgg laut lhaz lmmf lpal lpgs m0se mac1 madr mag0 COMMENT             
maju mana mas1 mat1 mate maui maw1 mcil mcm4 mdo1 mdvj medi COMMENT             
mets mgue mizu mkea mnls mobj mobk mobs monp morp mqzg mro1 COMMENT             
mtka nano naur nico nium nklg nlib nnor not1 nrc1 nril nrmd COMMENT             
ntus nya1 nyal ohi2 ohi3 onsa opmt ous2 pado park pdel penc COMMENT             
pert pfa2 pie1 pimo pohn pol2 polv pots pove prds ptag ptbb COMMENT             
ptvl qaq1 quin rabt ramo rbay reun reyk rgdg rio2 riop roth COMMENT             
salu samo sant savo sch2 scor scrz sctb scub seyg sfer smst COMMENT             
sofi spt0 ssia sthl stjo stk2 str2 suth sutm suwn sydn syog COMMENT             
tabl tash thtg thti thu2 tid1 tidb tixg tixi tlse tong tow2 COMMENT             
tro1 tsea tskb twtf txes uclu ufpr ulab unb3 unbj unbn unsa COMMENT             
untr urum usn7 usud vald vill voim vtsp wab1 wab2 wark wes2 COMMENT             
wgtn whit will wind wsrt wtza wtzl wtzr wtzs wtzz xmis yakt COMMENT             
yar2 yar3 yarr yell yssk zamb zeck zim2 zim3 zimj zimm      COMMENT             
                                                            END OF HEADER       
[from data line 5577]
    14                                                      START OF TEC MAP    
  2019     7    18    13     0     0                        EPOCH OF CURRENT MAP
    87.5-180.0 180.0   5.0 450.0                            LAT/LON1/LON2/DLON/H
   68   69   69   69   69   69   69   69   69   69   69   70   70   70   70   70
   70   70   70   70   70   70   70   70   70   70   70   70   69   69   69   69
   69   69   69   69   69   68   68   68   68   68   68   68   68   68   68   68
   68   68   69   69   69   69   69   69   69   69   69   69   69   69   68   68
   68   68   68   68   68   68   68   68   68
    85.0-180.0 180.0   5.0 450.0                            LAT/LON1/LON2/DLON/H
   65   66   66   66   66   67   67   67   68   68   68   68   69   69   69   69
   70   70   70   70   70   70   70   70   70   70   69   69   69   68   68   68
   67   67   67   66   66   66   66   66   66   65   66   66   66   66   66   66
   67   67   67   67   68   68   68   68   68   68   67   67   67   67   66   66
   66   66   66   65   65   65   65   65   65
    82.5-180.0 180.0   5.0 450.0                            LAT/LON1/LON2/DLON/H
   61   61   62   62   63   63   64   64   65   66   66   67   67   68   68   68
   69   69   69   69   70   70   70   69   69   69   69   68   68   67   66   66
   65   65   64   63   63   62   62   62   62   62   62   62   62   63   63   64
   65   65   66   66   67   67   67   67   67   66   66   65   65   64   64   63
   62   62   61   61   61   61   61   61   61
    80.0-180.0 180.0   5.0 450.0                            LAT/LON1/LON2/DLON/H
   56   56   57   57   58   59   60   61   62   63   63   64   65   65   66   67
   67   68   68   68   69   69   69   69   69   68   68   67   66   65   65   64
   63   62   61   60   59   59   58   58   58   58   58   58   59   60   61   62
   63   64   65   65   66   66   66   66   66   65   64   63   62   61   60   59
   58   57   57   56   56   55   55   55   56
    77.5-180.0 180.0   5.0 450.0                            LAT/LON1/LON2/DLON/H
   50   51   51   52   54   55   56   57   58   59   60   61   62   63   64   64
   65   66   66   67   67   68   68   68   68   67   66   66   65   64   63   62
   61   60   59   58   57   56   55   54   54   54   54   55   56   57   58   60
   61   62   64   65   65   66   66   65   65   64   62   61   60   58   57   56
   54   53   52   51   50   50   50   50   50
    75.0-180.0 180.0   5.0 450.0                            LAT/LON1/LON2/DLON/H
   45   46   47   48   49   50   52   53   55   56   57   59   60   60   61   62
   63   64   65   65   66   67   67   67   66   66   65   64   63   62   60   59
   59   58   57   56   55   54   53   52   52   52   52   52   53   55   56   58
   60   62   63   64   65   65   65   64   63   62   61   59   58   56   55   53
   52   50   49   48   47   46   45   45   45
    72.5-180.0 180.0   5.0 450.0                            LAT/LON1/LON2/DLON/H
   42   42   43   43   45   46   48   49   51   53   54   56   57   58   59   60
   61   62   63   64   65   65   66   66   65   64   63   61   60   59   58   57
   57   56   56   55   54   54   53   52   51   51   51   52   53   54   56   58
   60   61   63   64   64   64   64   63   61   60   59   57   56   55   53   52
   51   49   48   46   45   44   43   42   42
    70.0-180.0 180.0   5.0 450.0                            LAT/LON1/LON2/DLON/H
   40   39   39   40   41   42   43   45   47   49   51   53   55   56   57   58
   59   60   61   62   63   64   64   64   63   62   61   59   58   56   56   55
   55   56   56   55   55   54   54   53   52   52   52   52   53   55   56   58
   60   61   62   63   63   63   62   61   59   58   57   56   55   55   54   53
   52   50   49   47   45   43   42   41   40
    67.5-180.0 180.0   5.0 450.0                            LAT/LON1/LON2/DLON/H
   39   38   37   37   37   38   39   41   43   45   48   50   52   54   55   56
   57   59   60   61   62   62   63   62   61   60   58   57   55   54   54   54
   55   55   56   56   56   56   55   54   54   54   54   54   55   56   57   59
   60   61   62   63   62   61   60   59   57   56   56   55   55   56   55   55
   54   53   51   49   47   45   43   41   39
    65.0-180.0 180.0   5.0 450.0                            LAT/LON1/LON2/DLON/H
   39   38   36   35   34   34   35   36   38   41   44   47   49   52   54   55
   56   57   58   59   60   60   61   60   60   58   57   55   54   53   53   54
   55   56   57   58   58   58   57   57   56   56   57   57   58   59   60   61
   61   62   62   62   61   60   58   57   55   55   55   55   56   57   58   58
   57   56   54   52   49   47   44   42   39
    62.5-180.0 180.0   5.0 450.0                            LAT/LON1/LON2/DLON/H
   40   38   36   34   33   32   32   33   34   37   40   43   47   50   52   54
   55   55   56   57   57   58   58   58   58   57   56   55   54   54   54   55
   56   57   58   59   59   59   59   59   59   59   60   61   62   62   62   63
   63   63   63   62   61   59   57   55   54   54   54   56   57   59   60   60
   60   58   56   54   51   48   45   43   40
    60.0-180.0 180.0   5.0 450.0                            LAT/LON1/LON2/DLON/H
   42   40   37   35   33   32   31   30   31   33   36   40   44   47   50   52
   53   54   54   55   55   56   56   57   57   57   56   56   56   56   56   57
   58   59   60   61   61   61   61   61   62   63   64   65   66   66   65   65
   65   64   64   63   61   59   57   55   54   54   55   56   58   60   61   61
   60   59   57   54   52   49   46   44   42
    57.5-180.0 180.0   5.0 450.0                            LAT/LON1/LON2/DLON/H
   43   42   40   38   36   34   32   30   30   31   34   37   41   45   49   51
   52   53   53   53   53   53   54   55   56   57   58   59   59   60   60   61
   62   62   62   62   63   63   63   64   66   68   69   71   71   70   69   68
   67   66   66   64   63   60   58   56   55   55   56   57   59   60   60   60
   59   57   55   53   50   48   46   44   43
    55.0-180.0 180.0   5.0 450.0                            LAT/LON1/LON2/DLON/H
   44   44   43   42   41   38   36   33   32   31   33   36   40   44   47   50
   52   52   52   52   51   52   53   55   57   59   61   63   64   65   65   65
   65   65   65   65   65   65   67   68   71   73   75   76   76   74   72   70
   69   69   68   67   65   63   60   57   56   57   58   59   60   60   59   58
   56   54   52   50   48   47   46   45   44
    52.5-180.0 180.0   5.0 450.0                            LAT/LON1/LON2/DLON/H
   46   47   47   47   47   45   42   39   36   35   34   36   39   43   47   50
   52   52   52   52   51   52   53   55   58   61   64   67   69   70   70   69
   68   67   67   67   68   70   72   75   77   80   82   82   81   79   76   74
   72   72   72   71   69   66   63   60   59   59   60   61   61   60   57   55
   52   50   48   47   46   45   45   45   46
    50.0-180.0 180.0   5.0 450.0                            LAT/LON1/LON2/DLON/H
   47   49   51   53   53   52   50   47   43   40   38   38   40   43   47   50
   52   53   53   53   53   53   54   57   60   64   68   71   73   74   74   73
   71   70   70   71   73   76   79   83   86   89   90   89   87   83   79   77
   76   76   76   75   73   69   66   64   63   63   64   63   62   59   56   52
   49   47   46   46   45   45   45   46   47
    47.5-180.0 180.0   5.0 450.0                            LAT/LON1/LON2/DLON/H
   49   51   54   57   59   59   59   56   52   48   45   43   43   45   48   51
   53   55   56   56   55   56   57   60   63   67   71   74   76   77   76   75
   73   73   73   76   80   84   89   93   97   98   98   96   92   87   83   81
   80   81   81   80   77   73   70   68   67   67   68   67   64   60   56   52
   49   47   46   47   47   47   47   48   49
    45.0-180.0 180.0   5.0 450.0                            LAT/LON1/LON2/DLON/H
   51   53   55   59   62   64   65   64   61   56   52   49   47   48   50   53
   55   57   59   59   59   59   61   63   66   70   73   75   77   78   77   76
   75   75   77   81   87   94  100  105  108  108  107  103   97   92   88   86
   86   87   87   85   82   78   75   73   72   73   72   71   67   63   58   53
   51   49   50   50   51   51   50   50   51
    42.5-180.0 180.0   5.0 450.0                            LAT/LON1/LON2/DLON/H
   53   53   55   58   62   66   69   69   67   64   59   55   53   52   53   55
   58   60   62   63   63   64   65   67   70   72   75   76   77   78   78   78
   78   79   82   88   96  104  112  117  119  118  115  109  103   97   93   92
   92   93   93   91   87   83   80   79   79   79   78   75   71   66   61   57
   55   54   55   56   56   55   54   53   53
    40.0-180.0 180.0   5.0 450.0                            LAT/LON1/LON2/DLON/H
   54   53   54   56   59   64   68   71   71   69   65   61   59   58   58   59
   61   63   65   66   67   68   69   71   73   75   76   76   77   77   78   80
   81   84   89   96  105  115  123  128  129  127  122  115  108  103  100   99
  100  101  100   98   94   90   88   87   87   86   84   80   75   70   65   62
   60   60   61   62   62   60   58   56   54
    37.5-180.0 180.0   5.0 450.0                            LAT/LON1/LON2/DLON/H
   55   53   52   52   54   59   64   68   71   71   69   67   64   63   63   63
   64   66   68   69   70   71   72   74   76   77   77   77   77   78   80   83
   86   90   96  104  114  123  132  136  137  134  128  121  114  110  108  109
  110  111  109  106  102   99   97   96   95   93   89   84   79   74   70   67
   66   66   66   66   66   64   61   58   55
    35.0-180.0 180.0   5.0 450.0                            LAT/LON1/LON2/DLON/H
   56   53   50   48   48   51   57   62   67   69   70   69   69   68   68   67
   67   68   70   71   72   73   74   76   77   78   78   78   78   80   84   89
   93   98  104  112  121  131  139  143  143  140  133  126  121  118  119  121
  122  122  120  116  112  109  108  107  105  100   94   87   81   77   73   71
   70   69   69   69   68   65   63   59   56
    32.5-180.0 180.0   5.0 450.0                            LAT/LON1/LON2/DLON/H
   57   54   50   46   43   44   49   55   61   65   68   70   71   72   72   72
   71   70   71   72   73   73   74   76   78   80   80   80   81   84   90   96
  102  107  113  120  128  136  143  148  148  144  138  133  129  129  131  134
  136  135  131  127  123  121  120  117  113  105   97   88   82   77   75   73
   71   70   69   68   66   64   62   60   57
    30.0-180.0 180.0   5.0 450.0                            LAT/LON1/LON2/DLON/H
   57   55   51   45   41   39   42   47   53   59   64   68   72   75   76   75
   73   72   72   72   72   73   74   76   78   81   82   83   85   90   97  105
  111  117  122  128  134  141  147  151  151  148  144  140  139  141  145  149
  150  147  143  138  134  132  130  126  119  108   97   87   80   76   74   72
   70   68   67   65   63   61   60   59   57
    27.5-180.0 180.0   5.0 450.0                            LAT/LON1/LON2/DLON/H
   58   57   53   47   41   38   38   42   47   53   58   64   70   75   77   77
   75   73   72   72   71   71   72   74   78   81   83   86   90   97  105  114
  122  127  131  136  140  145  151  154  155  153  150  148  149  154  159  163
  163  159  153  148  144  141  138  132  121  108   94   83   76   73   71   69
   67   65   63   60   58   57   56   57   58
    25.0-180.0 180.0   5.0 450.0                            LAT/LON1/LON2/DLON/H
   58   59   57   51   44   39   37   39   43   48   53   59   66   72   76   77
   76   74   72   71   70   69   70   73   77   81   85   90   96  104  114  123
  131  137  141  144  147  151  155  158  160  159  157  157  161  167  173  176
  174  168  161  155  151  147  142  133  120  104   90   78   72   69   67   65
   63   61   58   56   54   53   53   55   58
    22.5-180.0 180.0   5.0 450.0                            LAT/LON1/LON2/DLON/H
   57   60   60   56   49   43   40   40   42   45   48   53   61   68   74   76
   75   73   71   70   68   68   68   71   75   81   86   93  102  112  122  132
  140  146  149  152  154  157  160  164  166  166  165  166  171  178  184  186
  182  174  166  159  154  148  141  129  115   98   84   73   67   64   62   61
   59   57   55   54   52   50   50   52   57
    20.0-180.0 180.0   5.0 450.0                            LAT/LON1/LON2/DLON/H
   54   59   61   59   54   48   44   43   43   44   45   49   55   62   69   73
   73   72   70   68   67   67   67   70   74   80   88   96  107  119  130  140
  148  154  158  160  162  164  167  171  173  174  174  175  180  187  192  191
  185  176  166  159  152  145  136  123  107   91   78   68   63   60   59   57
   56   55   54   53   51   49   48   50   54
    17.5-180.0 180.0   5.0 450.0                            LAT/LON1/LON2/DLON/H
   51   56   60   60   56   51   48   46   45   44   44   45   49   56   63   68
   70   70   69   67   66   66   67   70   74   80   89   99  112  125  137  146
  154  161  165  168  169  171  174  177  180  181  181  182  187  193  196  193
  185  174  163  155  147  139  128  114   99   85   74   66   61   58   56   55
   54   54   55   54   52   49   47   47   51
    15.0-180.0 180.0   5.0 450.0                            LAT/LON1/LON2/DLON/H
   46   51   55   56   55   52   50   49   48   46   43   42   44   50   57   63
   67   68   67   66   65   66   67   70   75   81   90  102  116  130  142  152
  159  166  172  175  176  177  179  182  185  186  186  187  191  195  196  191
  181  168  158  149  140  131  120  106   93   82   73   66   61   58   55   53
   53   54   56   56   54   50   46   44   46
    12.5-180.0 180.0   5.0 450.0                            LAT/LON1/LON2/DLON/H
   41   44   48   50   50   49   48   48   48   46   43   40   40   45   51   58
   63   66   66   66   65   66   68   71   76   82   92  105  120  134  147  156
  163  170  176  179  179  179  181  184  187  189  188  189  191  193  192  185
  174  161  150  142  134  124  114  102   91   82   75   69   64   59   55   53
   53   55   57   58   56   51   45   41   41
    10.0-180.0 180.0   5.0 450.0                            LAT/LON1/LON2/DLON/H
   36   37   39   41   42   42   43   45   46   44   41   38   37   40   46   53
   60   64   66   66   66   67   70   73   78   84   93  107  122  137  149  158
  165  172  177  180  179  178  179  182  185  187  187  187  188  189  186  177
  166  153  143  135  128  120  111  102   93   85   79   73   67   61   56   53
   53   55   58   58   56   51   44   39   36
     7.5-180.0 180.0   5.0 450.0                            LAT/LON1/LON2/DLON/H
   33   31   32   32   33   34   36   38   40   40   38   36   34   36   42   49
   57   63   66   67   67   68   71   75   80   86   95  108  124  139  150  158
  164  170  175  177  175  172  172  175  179  182  183  183  183  182  178  169
  157  146  137  131  126  120  113  105   98   91   85   78   70   63   57   53
   53   54   56   57   55   50   44   37   33
     5.0-180.0 180.0   5.0 450.0                            LAT/LON1/LON2/DLON/H
   32   28   26   25   25   25   27   30   33   34   34   32   31   33   38   46
   55   62   67   68   69   70   73   77   82   87   96  108  123  138  148  155
  161  166  169  170  166  162  161  164  169  173  175  176  176  174  169  161
  150  140  133  128  125  122  117  112  105   98   89   81   72   64   57   54
   52   53   53   53   52   48   43   37   32
     2.5-180.0 180.0   5.0 450.0                            LAT/LON1/LON2/DLON/H
   34   28   24   22   20   19   20   22   25   27   28   28   28   30   35   43
   53   62   68   71   71   72   75   79   83   88   96  107  121  134  144  150
  154  158  160  159  154  150  148  151  157  162  165  167  167  165  160  152
  143  134  129  126  125  124  122  118  111  102   92   81   72   63   57   53
   52   51   50   49   48   46   43   39   34
