products/codg1990.19i
     1.0            IONOSPHERE MAPS     GNSS                IONEX VERSION / TYPE
ADDNEQ2 V5.3        AIUB                22-JUL-19 23:54     PGM / RUN BY / DATE 
CODE'S GLOBAL IONOSPHERE MAPS FOR DAY 199, 2019             COMMENT             
Global ionosphere maps (GIM) are generated on a daily basis DESCRIPTION         
at CODE using data from about 300 GNSS sites of the IGS and DESCRIPTION         
other institutions. The vertical total electron content     DESCRIPTION         
(VTEC) is modeled in a solar-geomagnetic reference frame    DESCRIPTION         
using a spherical harmonics expansion up to degree and      DESCRIPTION         
order 15. Piece-wise linear functions are used for          DESCRIPTION         
representation in the time domain. The time spacing of      DESCRIPTION         
their vertices is 1 hour, conforming with the epochs of the DESCRIPTION         
VTEC maps.                                                  DESCRIPTION         
To convert line-of-sight TEC into vertical TEC, a modified  DESCRIPTION         
single-layer model mapping function approximating the JPL   DESCRIPTION         
extended slab model mapping function is adopted. The        DESCRIPTION         
mapping function is evaluated at geodetic satellite         DESCRIPTION         
elevation angles. For the computation of the ionospheric    DESCRIPTION         
pierce points, a spherical layer with a radius of 6821 km   DESCRIPTION         
is assumed, implying geocentric, not geodetic IONEX         DESCRIPTION         
latitudes.                                                  DESCRIPTION         
Instrumental biases with respect to each involved GNSS code DESCRIPTION         
observable are estimated as constant values for each        DESCRIPTION         
day. They are modeled with one set of bias parameters for   DESCRIPTION         
each satellite and each station in case of GPS and for each DESCRIPTION         
satellite-station link in case of GLONASS. The code bias    DESCRIPTION         
datum is defined by zero-mean conditions imposed on the     DESCRIPTION         
satellite bias estimates. In this file, just GPS C1W-C2W    DESCRIPTION         
satellite and station bias values are included. The         DESCRIPTION         
complete set of GNSS code bias results is provided in an    DESCRIPTION         
additional Bias-SINEX file as pseudo-absolute values        DESCRIPTION         
specific to each observable.                                DESCRIPTION         
Note: These GIM results correspond to the results for the   DESCRIPTION         
middle day of a 3-day combination analysis solving for 73   DESCRIPTION         
times 256, or 18688 VTEC parameters and 3 daily sets of     DESCRIPTION         
GNSS code bias parameters.                                  DESCRIPTION         
Contact address: code(at)aiub.unibe.ch                      DESCRIPTION         
Data archive:    ftp.aiub.unibe.ch/CODE/                    DESCRIPTION         
                 www.aiub.unibe.ch/download/CODE/           DESCRIPTION         
  2019     7    18     0     0     0                        EPOCH OF FIRST MAP  
  2019     7    19     0     0     0                        EPOCH OF LAST MAP   
  3600                                                      INTERVAL            
[...]
chti coco cord cpvg cpxf cro1 daej darw dav1 dgar dhlg drao COMMENT             
dubo ebre faa1 fair flin flrs frdn ftna func ganp glps glsv COMMENT             
gmsd gode godz gol2 gold gope gras graz guug harb hers hert COMMENT             
hlfx hnpt hob2 hofn holb hrao iddr ieng iisc impz ineg invk COMMENT             
iqal isba jog2 joz2 joze karr kerg kir0 kiri kiru kit3 kokb COMMENT             
kokv koug krgg laut lhaz lmmf lpal lpgs m0se mac1 madr mag0 COMMENT             
maju mana mas1 mat1 mate maui maw1 mcil mcm4 mdo1 mdvj medi COMMENT             
mets mgue mizu mkea mnls mobj mobk mobs monp morp mqzg mro1 COMMENT             
mtka nano naur nico nium nklg nlib nnor not1 nrc1 nril nrmd COMMENT             
ntus nya1 nyal ohi2 ohi3 onsa opmt ous2 pado park pdel penc COMMENT             
pert pfa2 pie1 pimo pohn pol2 polv pots pove prds ptag ptbb COMMENT             
ptvl qaq1 quin rabt ramo rbay reun reyk rgdg rio2 riop roth COMMENT             
salu samo sant savo sch2 scor scrz sctb scub seyg sfer smst COMMENT             
sofi spt0 ssia sthl stjo stk2 str2 suth sutm suwn sydn syog COMMENT             
tabl tash thtg thti thu2 tid1 tidb tixg tixi tlse tong tow2 COMMENT             
tro1 tsea tskb twtf txes uclu ufpr ulab unb3 unbj unbn unsa COMMENT             
untr urum usn7 usud vald vill voim vtsp wab1 wab2 wark wes2 COMMENT             
wgtn whit will wind wsrt wtza wtzl wtzr wtzs wtzz xmis yakt COMMENT             
yar2 yar3 yarr yell yssk zamb zeck zim2 zim3 zimj zimm      COMMENT             
                                                            END OF HEADER       
[from data line 1287]
     4                                                      START OF TEC MAP    
  2019     7    18     3     0     0                        EPOCH OF CURRENT MAP
    87.5-180.0 180.0   5.0 450.0                            LAT/LON1/LON2/DLON/H
   67   68   68   68   69   69   69   69   69   69   69   69   69   69   69   69
   69   68   68   68   67   67   67   66   66   66   65   65   65   65   64   64
   64   64   64   64   63   63   63   63   63   63   63   63   63   63   63   63
   63   63   63   63   63   63   63   63   63   63   64   64   64   64   64   65
   65   65   65   66   66   66   67   67   67
    85.0-180.0 180.0   5.0 450.0                            LAT/LON1/LON2/DLON/H
   68   69   70   70   71   71   72   72   73   73   73   73   72   72   72   71
   70   70   69   68   67   66   66   65   64   63   63   62   61   61   61   61
   61   60   61   61   61   61   61   61   61   61   61   61   61   61   61   61
   61   61   61   61   61   61   61   61   61   61   61   61   61   61   62   62
   63   63   64   64   65   66   66   67   68
    82.5-180.0 180.0   5.0 450.0                            LAT/LON1/LON2/DLON/H
   67   69   70   71   72   73   74   74   75   75   75   75   75   74   73   72
   71   70   69   67   66   64   63   61   60   59   58   57   56   56   56   56
   56   56   57   57   58   58   59   59   60   60   60   60   60   60   60   60
   60   60   60   59   59   59   59   59   59   59   59   59   59   59   59   60
   60   61   61   62   63   64   65   66   67
    80.0-180.0 180.0   5.0 450.0                            LAT/LON1/LON2/DLON/H
   66   67   69   70   71   73   74   75   75   76   76   76   75   74   73   72
   70   69   67   65   63   61   59   57   55   53   52   51   50   50   50   50
   51   52   53   54   55   56   57   58   59   60   60   60   60   60   60   60
   60   60   60   59   59   59   59   58   58   58   58   58   58   58   58   58
   58   59   59   60   61   62   63   64   66
    77.5-180.0 180.0   5.0 450.0                            LAT/LON1/LON2/DLON/H
   63   65   66   68   69   71   72   73   74   74   74   74   74   73   71   70
   68   67   64   62   60   57   55   52   50   48   46   45   44   44   44   45
   46   48   49   51   53   55   56   57   58   59   59   60   60   60   60   60
   60   60   60   60   60   60   60   60   59   59   59   59   58   58   58   58
   58   58   58   59   59   60   61   62   63
    75.0-180.0 180.0   5.0 450.0                            LAT/LON1/LON2/DLON/H
   61   62   64   65   66   68   69   70   71   71   71   71   70   70   68   67
   65   64   62   60   57   55   52   49   46   44   42   40   39   39   39   40
   42   44   46   48   50   52   54   55   57   57   58   58   59   59   60   60
   61   61   62   62   62   63   62   62   62   62   61   61   60   60   60   59
   59   59   59   59   59   59   60   60   61
    72.5-180.0 180.0   5.0 450.0                            LAT/LON1/LON2/DLON/H
   59   60   61   62   63   64   66   67   67   67   67   67   66   66   65   63
   62   61   59   57   55   53   50   47   44   41   39   37   35   35   35   36
   38   40   42   45   47   49   51   53   54   55   56   57   57   58   59   60
   61   62   63   64   65   65   65   65   65   64   64   63   63   62   62   62
   61   61   60   60   59   59   59   59   59
    70.0-180.0 180.0   5.0 450.0                            LAT/LON1/LON2/DLON/H
   58   58   59   60   61   61   62   63   63   64   63   63   62   62   61   60
   59   58   57   55   54   52   49   46   43   40   38   35   33   32   32   33
   34   36   39   41   43   45   47   49   50   52   53   54   56   57   59   60
   62   63   65   66   67   67   68   68   67   67   66   66   65   65   64   64
   64   63   63   62   61   60   59   59   58
    67.5-180.0 180.0   5.0 450.0                            LAT/LON1/LON2/DLON/H
   59   59   59   59   59   60   60   60   60   60   60   60   59   59   58   58
   57   56   55   54   52   51   49   46   43   40   37   35   32   31   30   31
   32   33   35   37   38   40   42   44   46   48   50   53   55   57   59   61
   63   64   66   67   68   69   69   69   68   68   67   67   67   66   66   66
   66   65   65   64   63   62   61   60   59
    65.0-180.0 180.0   5.0 450.0                            LAT/LON1/LON2/DLON/H
   62   61   60   60   60   60   60   59   59   58   58   58   58   57   57   57
   56   55   54   52   51   49   47   45   42   40   37   34   32   30   29   29
   29   29   30   32   33   35   37   39   42   46   49   53   56   59   61   63
   64   66   67   68   68   69   69   68   68   68   67   67   67   67   67   67
   67   67   67   66   66   65   64   63   62
    62.5-180.0 180.0   5.0 450.0                            LAT/LON1/LON2/DLON/H
   66   65   64   64   63   62   61   60   58   57   57   57   57   57   57   57
   56   54   52   50   48   46   44   43   40   38   36   34   31   30   28   27
   26   26   26   27   28   29   32   35   39   44   50   55   59   63   65   66
   67   67   68   68   68   68   68   67   67   66   66   66   66   66   66   66
   67   67   67   68   68   68   67   66   66
    60.0-180.0 180.0   5.0 450.0                            LAT/LON1/LON2/DLON/H
   71   71   70   70   68   67   64   62   60   58   57   57   58   59   59   59
   57   55   52   49   46   43   41   39   38   36   35   33   31   29   27   25
   24   23   23   23   24   25   28   32   38   45   53   60   65   68   70   71
   70   70   69   69   68   67   66   66   65   65   65   66   66   66   66   66
   66   67   68   69   70   71   71   71   71
    57.5-180.0 180.0   5.0 450.0                            LAT/LON1/LON2/DLON/H
   77   78   78   77   76   74   70   66   62   60   58   59   60   61   61   61
   59   56   52   48   43   40   37   36   34   34   33   32   30   28   26   24
   23   21   21   21   21   23   26   32   39   48   57   66   72   76   77   76
   74   72   71   70   69   67   66   65   64   64   65   66   66   66   66   65
   65   66   67   69   71   73   74   76   77
    55.0-180.0 180.0   5.0 450.0                            LAT/LON1/LON2/DLON/H
   82   84   86   86   85   82   77   72   67   63   61   60   62   63   64   64
   61   58   53   47   42   38   35   33   32   32   32   31   30   28   26   24
   22   21   20   21   21   23   27   33   41   52   63   72   79   83   83   81
   78   76   74   72   71   69   67   65   65   65   66   67   67   67   66   65
   65   65   66   69   71   74   77   80   82
    52.5-180.0 180.0   5.0 450.0                            LAT/LON1/LON2/DLON/H
   86   90   93   95   94   91   86   80   73   68   64   63   64   65   66   66
   64   60   54   48   42   37   34   32   32   32   32   32   31   28   26   24
   22   22   22   22   24   26   30   36   45   56   67   78   86   89   89   86
   83   80   78   76   74   72   69   67   66   67   68   69   70   69   68   66
   65   65   66   68   71   75   78   82   86
    50.0-180.0 180.0   5.0 450.0                            LAT/LON1/LON2/DLON/H
   88   94   98  102  102  100   96   89   81   75   70   68   67   68   68   68
   66   62   57   51   45   40   36   34   34   34   34   34   32   30   27   25
   24   24   25   26   28   30   34   39   48   59   71   82   90   93   93   90
   87   85   83   82   80   77   73   71   69   69   71   72   72   71   70   68
   66   66   66   68   71   74   79   83   88
    47.5-180.0 180.0   5.0 450.0                            LAT/LON1/LON2/DLON/H
   88   95  101  106  108  108  104   98   91   83   78   74   72   71   71   70
   68   64   59   54   48   43   40   38   38   38   38   37   35   32   29   27
   26   27   29   31   34   36   38   43   50   60   72   83   92   96   96   94
   91   90   89   89   86   83   78   75   73   73   74   75   75   74   72   70
   69   68   68   69   71   74   78   83   88
    45.0-180.0 180.0   5.0 450.0                            LAT/LON1/LON2/DLON/H
   87   94  100  107  111  113  111  107  101   94   88   83   79   77   75   73
   70   66   62   57   52   48   45   44   43   43   43   41   38   34   31   29
   30   32   34   37   39   41   43   46   52   61   72   83   92   97   98   97
   95   95   96   95   93   89   84   79   77   77   77   78   78   77   75   73
   72   71   71   72   72   74   77   81   87
    42.5-180.0 180.0   5.0 450.0                            LAT/LON1/LON2/DLON/H
   85   91   98  105  110  114  116  114  110  105   99   93   88   84   81   77
   73   69   64   60   56   52   50   49   49   49   48   45   41   37   34   33
   34   36   40   43   45   47   48   50   53   61   71   82   91   97   99   99
   99  100  101  101   99   94   88   83   81   81   82   82   82   80   79   77
   77   77   77   77   76   77   78   81   85
    40.0-180.0 180.0   5.0 450.0                            LAT/LON1/LON2/DLON/H
   86   90   95  101  107  113  117  119  118  115  111  105  100   94   89   83
   77   71   66   61   58   55   53   52   53   53   52   49   44   39   37   36
   38   41   45   48   50   51   52   53   55   60   69   80   90   97  100  101
  102  104  105  105  102   97   91   87   86   86   87   87   86   85   83   83
   84   85   86   85   84   83   82   83   86
    37.5-180.0 180.0   5.0 450.0                            LAT/LON1/LON2/DLON/H
   90   91   93   97  103  109  116  120  123  123  121  117  112  106   99   90
   81   73   67   61   58   55   54   54   54   55   54   51   46   42   39   40
   43   47   50   52   54   55   55   56   57   61   69   79   90   97  102  103
  104  106  108  107  104   98   93   90   91   93   95   95   93   91   90   90
   93   95   97   98   96   94   91   90   90
    35.0-180.0 180.0   5.0 450.0                            LAT/LON1/LON2/DLON/H
   99   97   96   97  100  106  113  120  125  128  129  128  124  118  110   99
   87   76   67   60   56   53   52   52   53   54   54   51   47   43   42   44
   48   52   54   56   57   58   58   59   60   63   69   79   90   98  102  104
  105  107  108  107  103   98   94   94   97  101  104  105  103  100   99  100
  103  108  112  113  112  109  106  103   99
    32.5-180.0 180.0   5.0 450.0                            LAT/LON1/LON2/DLON/H
  114  108  103  100  101  105  111  118  125  130  134  135  134  129  121  108
   93   79   67   59   53   50   49   49   50   52   52   50   47   44   44   48
   53   57   58   58   59   59   61   61   62   64   70   79   89   97  102  103
  104  105  106  104  101   97   95   98  104  111  116  117  115  112  110  111
  116  122  128  131  131  129  125  120  114
    30.0-180.0 180.0   5.0 450.0                            LAT/LON1/LON2/DLON/H
  133  124  116  110  107  109  112  118  124  130  135  140  141  138  130  116
   99   82   67   57   51   47   45   45   46   48   49   48   46   45   46   51
   57   60   61   60   59   60   61   63   63   65   69   77   87   95   99  101
  102  102  102  101   98   96   97  102  111  121  128  131  129  126  123  124
  129  137  145  150  152  150  146  140  133
    27.5-180.0 180.0   5.0 450.0                            LAT/LON1/LON2/DLON/H
  153  143  133  125  120  118  118  121  124  129  135  141  145  144  137  123
  104   85   68   57   50   45   42   41   42   45   46   46   45   45   47   53
   59   63   63   60   58   59   60   62   62   63   66   73   82   90   95   97
   98   98   99   98   97   96   99  107  118  131  140  144  143  139  136  137
  143  151  161  168  171  171  167  162  153
    25.0-180.0 180.0   5.0 450.0                            LAT/LON1/LON2/DLON/H
  173  163  152  144  137  133  130  128  128  130  135  140  145  146  140  126
  107   87   69   57   50   45   42   40   40   42   44   45   44   45   48   54
   60   63   62   59   56   56   57   59   59   59   61   67   75   83   89   91
   93   95   96   97   97   98  103  112  125  138  148  154  154  151  148  149
  154  163  173  182  186  187  185  180  173
    22.5-180.0 180.0   5.0 450.0                            LAT/LON1/LON2/DLON/H
  188  179  171  163  157  152  146  140  135  134  135  140  144  146  140  127
  108   88   71   59   52   47   42   39   38   40   42   43   43   43   47   52
   58   61   60   55   52   51   52   53   53   52   53   58   66   75   81   85
   89   92   95   97   99  102  108  117  130  143  154  160  161  160  158  159
  164  172  182  190  196  198  197  194  188
    20.0-180.0 180.0   5.0 450.0                            LAT/LON1/LON2/DLON/H
  197  191  185  180  176  171  163  154  146  141  139  141  143  143  137  125
  107   88   72   61   54   49   44   40   38   38   40   41   41   42   44   49
   54   57   55   50   46   45   45   46   45   43   44   48   56   65   74   80
   85   90   95   99  103  107  114  123  135  146  156  162  165  165  164  165
  170  177  186  193  199  202  202  201  197
    17.5-180.0 180.0   5.0 450.0                            LAT/LON1/LON2/DLON/H
  199  196  193  192  191  187  180  170  159  151  145  143  142  139  133  120
  104   86   72   63   57   52   46   41   38   37   38   39   39   39   41   44
   48   50   48   44   40   38   38   38   37   35   35   39   47   57   67   76
   84   91   97  103  108  114  121  129  139  148  156  162  165  167  168  169
  173  179  186  191  196  199  201  201  199
    15.0-180.0 180.0   5.0 450.0                            LAT/LON1/LON2/DLON/H
  196  195  195  197  199  197  191  182  171  162  154  148  142  136  127  114
   99   84   72   64   58   53   48   42   38   37   36   37   36   36   36   39
   42   43   41   38   34   32   32   31   30   28   28   32   40   51   63   74
   84   92  100  107  114  121  128  136  143  150  157  162  165  168  170  172
  175  179  183  186  189  192  195  196  196
    12.5-180.0 180.0   5.0 450.0                            LAT/LON1/LON2/DLON/H
  190  190  191  195  198  199  196  189  180  172  162  153  143  132  121  108
   94   81   71   64   59   54   48   42   38   36   35   34   33   33   33   34
   35   36   35   32   29   28   27   27   25   24   24   27   36   47   61   74
   85   94  102  110  118  127  135  143  149  155  159  163  166  169  171  173
  175  177  179  180  181  184  187  189  190
    10.0-180.0 180.0   5.0 450.0                            LAT/LON1/LON2/DLON/H
  183  183  184  187  191  194  193  189  184  178  169  157  143  128  114  101
   88   78   69   63   57   52   47   41   37   35   33   32   31   30   29   30
   31   31   30   28   27   26   26   25   24   23   23   26   34   46   61   74
   86   95  102  111  121  131  141  149  156  161  165  167  169  171  173  174
  175  175  175  174  175  177  180  183  183
     7.5-180.0 180.0   5.0 450.0                            LAT/LON1/LON2/DLON/H
  179  177  176  177  179  181  183  183  183  180  172  159  142  123  107   94
   83   74   66   60   55   50   45   40   37   34   32   31   29   28   27   27
   28   28   28   27   26   26   26   27   26   25   25   28   35   47   61   75
   86   94  101  110  121  133  145  155  163  170  174  175  176  175  175  175
  175  174  173  171  171  173  177  179  179
     5.0-180.0 180.0   5.0 450.0                            LAT/LON1/LON2/DLON/H
  177  173  168  166  165  166  168  172  176  177  171  157  138  118  100   86
   76   69   63   58   52   47   43   39   36   34   32   30   29   27   27   27
   27   28   28   27   28   28   29   29   29   29   28   30   36   47   61   75
   86   93   99  107  118  132  145  158  169  177  183  185  183  180  178  176
  174  173  172  170  171  173  176  178  177
     2.5-180.0 180.0   5.0 450.0                            LAT/LON1/LON2/DLON/H
  177  170  163  157  152  151  153  159  166  170  166  152  132  110   92   79
   70   64   59   54   50   45   41   38   36   34   32   31   29   28   27   28
   28   29   29   29   30   31   32   32   32   32   31   32   37   47   60   73
   83   89   94  102  113  127  142  156  170  181  190  192  190  184  178  174
  172  172  171  171  172  175  178  179  177
