products/codg1990.19i
     1.0            IONOSPHERE MAPS     GNSS                IONEX VERSION / TYPE
ADDNEQ2 V5.3        AIUB                22-JUL-19 23:54     PGM / RUN BY / DATE 
CODE'S GLOBAL IONOSPHERE MAPS FOR DAY 199, 2019             COMMENT             
Global ionosphere maps (GIM) are generated on a daily basis DESCRIPTION         
at CODE using data from about 300 GNSS sites of the IGS and DESCRIPTION         
other institutions. The vertical total electron content     DESCRIPTION         
(VTEC) is modeled in a solar-geomagnetic reference frame    DESCRIPTION         
using a spherical harmonics expansion up to degree and      DESCRIPTION         
order 15. Piece-wise linear functions are used for          DESCRIPTION         
representation in the time domain. The time spacing of      DESCRIPTION         
their vertices is 1 hour, conforming with the epochs of the DESCRIPTION         
VTEC maps.                                                  DESCRIPTION         
To convert line-of-sight TEC into vertical TEC, a modified  DESCRIPTION         
single-layer model mapping function approximating the JPL   DESCRIPTION         
extended slab model mapping function is adopted. The        DESCRIPTION         
mapping function is evaluated at geodetic satellite         DESCRIPTION         
elevation angles. For the computation of the ionospheric    DESCRIPTION         
pierce points, a spherical layer with a radius of 6821 km   DESCRIPTION         
is assumed, implying geocentric, not geodetic IONEX         DESCRIPTION         
latitudes.                                                  DESCRIPTION         
Instrumental biases with respect to each involved GNSS code DESCRIPTION         
observable are estimated as constant values for each        DESCRIPTION         
day. They are modeled with one set of bias parameters for   DESCRIPTION         
each satellite and each station in case of GPS and for each DESCRIPTION         
satellite-station link in case of GLONASS. The code bias    DESCRIPTION         
datum is defined by zero-mean conditions imposed on the     DESCRIPTION         
satellite bias estimates. In this file, just GPS C1W-C2W    DESCRIPTION         
satellite and station bias values are included. The         DESCRIPTION         
complete set of GNSS code bias results is provided in an    DESCRIPTION         
additional Bias-SINEX file as pseudo-absolute values        DESCRIPTION         
specific to each observable.                                DESCRIPTION         
Note: These GIM results correspond to the results for the   DESCRIPTION         
middle day of a 3-day combination analysis solving for 73   DESCRIPTION         
times 256, or 18688 VTEC parameters and 3 daily sets of     DESCRIPTION         
GNSS code bias parameters.                                  DESCRIPTION         
Contact address: code(at)aiub.unibe.ch                      DESCRIPTION         
Data archive:    ftp.aiub.unibe.ch/CODE/                    DESCRIPTION         
                 www.aiub.unibe.ch/download/CODE/           DESCRIPTION         
  2019     7    18     0     0     0                        EPOCH OF FIRST MAP  
  2019     7    19     0     0     0                        EPOCH OF LAST MAP   
  3600                                                      INTERVAL            
[...]
chti coco cord cpvg cpxf cro1 daej darw dav1 dgar dhlg drao COMMENT             
dubo ebre faa1 fair flin flrs frdn ftna func ganp glps glsv COMMENT             
gmsd gode godz gol2 gold gope gras graz guug harb hers hert COMMENT             
hlfx hnpt hob2 hofn holb hrao iddr ieng iisc impz ineg invk COMMENT             
iqal isba jog2 joz2 joze karr kerg kir0 kiri kiru kit3 kokb COMMENT             
kokv koug krgg laut lhaz lmmf lpal lpgs m0se mac1 madr mag0 COMMENT             
maju mana mas1 mat1 mate maui maw1 mcil mcm4 mdo1 mdvj medi COMMENT             
mets mgue mizu mkea mnls mobj mobk mobs monp morp mqzg mro1 COMMENT             
mtka nano naur nico nium nklg nlib nnor not1 nrc1 nril nrmd COMMENT             
ntus nya1 nyal ohi2 ohi3 onsa opmt ous2 pado park pdel penc COMMENT             
pert pfa2 pie1 pimo pohn pol2 polv pots pove prds ptag ptbb COMMENT             
ptvl qaq1 quin rabt ramo rbay reun reyk rgdg rio2 riop roth COMMENT             
salu samo sant savo sch2 scor scrz sctb scub seyg sfer smst COMMENT             
sofi spt0 ssia sthl stjo stk2 str2 suth sutm suwn sydn syog COMMENT             
tabl tash thtg thti thu2 tid1 tidb tixg tixi tlse tong tow2 COMMENT             
tro1 tsea tskb twtf txes uclu ufpr ulab unb3 unbj unbn unsa COMMENT             
untr urum usn7 usud vald vill voim vtsp wab1 wab2 wark wes2 COMMENT             
wgtn whit will wind wsrt wtza wtzl wtzr wtzs wtzz xmis yakt COMMENT             
yar2 yar3 yarr yell yssk zamb zeck zim2 zim3 zimj zimm      COMMENT             
                                                            END OF HEADER       
[from data line 4719]
    12                                                      START OF TEC MAP    
  2019     7    18    11     0     0                        EPOCH OF CURRENT MAP
    87.5-180.0 180.0   5.0 450.0                            LAT/LON1/LON2/DLON/H
   66   66   66   66   66   66   66   66   66   66   66   66   66   67   67   67
   67   67   67   67   67   67   67   67   67   68   68   68   68   68   68   68
   68   68   68   68   68   68   67   67   67   67   67   67   67   67   67   67
   67   67   67   67   67   67   67   67   66   66   66   66   66   66   66   66
   66   66   66   66   66   66   66   66   66
    85.0-180.0 180.0   5.0 450.0                            LAT/LON1/LON2/DLON/H
   63   63   63   63   63   64   64   64   64   64   64   64   65   65   65   65
   65   65   65   66   66   66   66   66   66   67   67   67   67   67   67   67
   67   67   67   67   67   67   66   66   66   66   66   66   66   66   66   66
   66   66   66   66   66   66   66   66   66   65   65   65   65   64   64   64
   63   63   63   63   63   63   63   63   63
    82.5-180.0 180.0   5.0 450.0                            LAT/LON1/LON2/DLON/H
   59   60   60   60   60   61   61   61   61   61   61   62   62   62   62   62
   62   62   63   63   63   63   64   64   64   65   65   65   65   65   65   65
   65   65   65   65   65   65   65   64   64   64   64   65   65   65   65   65
   66   66   66   66   66   66   66   66   65   65   64   64   63   62   62   61
   61   60   60   59   59   59   59   59   59
    80.0-180.0 180.0   5.0 450.0                            LAT/LON1/LON2/DLON/H
   56   56   56   57   57   57   58   58   58   58   58   58   58   58   58   58
   58   59   59   59   60   60   61   61   62   62   62   63   63   63   63   63
   63   63   63   63   63   62   62   62   62   62   63   63   63   64   65   65
   66   66   67   67   67   67   67   67   66   65   65   64   62   61   60   59
   58   57   57   56   56   55   55   55   56
    77.5-180.0 180.0   5.0 450.0                            LAT/LON1/LON2/DLON/H
   52   53   53   53   54   54   55   55   55   55   55   55   55   55   54   54
   55   55   55   56   56   57   57   58   59   59   60   60   60   60   61   61
   61   61   61   61   61   60   60   60   61   61   62   62   63   64   65   66
   66   67   68   68   69   69   69   68   68   67   66   64   63   61   60   58
   57   55   54   53   53   52   52   52   52
    75.0-180.0 180.0   5.0 450.0                            LAT/LON1/LON2/DLON/H
   50   50   50   50   51   51   51   51   51   51   51   51   51   51   51   51
   51   52   52   53   54   54   55   56   56   57   57   57   58   58   58   58
   59   59   59   59   59   59   59   60   60   61   61   62   64   65   66   67
   68   69   69   70   70   70   70   70   69   68   67   65   64   62   60   58
   56   55   53   52   51   50   50   50   50
    72.5-180.0 180.0   5.0 450.0                            LAT/LON1/LON2/DLON/H
   48   47   47   47   47   47   47   47   47   47   48   48   48   48   49   49
   49   50   51   51   52   53   54   54   55   55   55   55   55   56   56   57
   57   58   58   59   59   59   60   60   61   62   63   64   65   66   68   68
   69   70   70   71   71   71   71   71   70   69   68   67   65   64   62   60
   58   56   54   53   51   50   49   48   48
    70.0-180.0 180.0   5.0 450.0                            LAT/LON1/LON2/DLON/H
   47   46   45   44   43   42   42   42   42   42   43   44   45   45   46   47
   48   49   50   51   52   53   53   54   54   54   54   54   54   54   55   56
   57   58   59   60   60   61   61   62   63   64   65   66   68   69   70   70
   70   70   70   70   70   70   70   70   70   70   69   68   67   66   64   63
   61   59   57   56   54   52   50   49   47
    67.5-180.0 180.0   5.0 450.0                            LAT/LON1/LON2/DLON/H
   48   45   43   41   39   37   36   36   36   36   37   39   40   42   44   45
   47   48   50   51   52   53   54   54   54   54   53   53   53   53   54   56
   57   59   60   62   62   63   63   64   65   66   68   69   71   72   72   72
   71   70   69   68   68   67   68   68   69   69   69   69   69   68   67   66
   65   63   62   60   58   56   53   50   48
    65.0-180.0 180.0   5.0 450.0                            LAT/LON1/LON2/DLON/H
   49   45   42   38   35   33   31   29   29   29   31   33   35   38   41   43
   45   47   49   50   52   53   54   54   54   54   53   53   53   53   55   57
   59   61   63   64   65   66   66   67   68   69   71   72   74   74   74   73
   71   69   67   66   65   64   65   65   67   68   69   69   70   70   70   69
   69   68   67   65   63   60   57   53   49
    62.5-180.0 180.0   5.0 450.0                            LAT/LON1/LON2/DLON/H
   51   46   42   37   33   29   26   23   22   22   24   26   30   33   36   40
   42   45   47   49   51   52   54   54   55   55   54   54   54   55   56   59
   61   64   66   68   68   69   69   69   70   71   73   75   76   76   75   74
   71   68   66   63   62   61   62   63   65   67   68   70   71   71   72   72
   72   71   71   69   67   64   60   56   51
    60.0-180.0 180.0   5.0 450.0                            LAT/LON1/LON2/DLON/H
   53   48   43   38   33   28   23   20   18   17   18   20   24   28   31   35
   39   42   44   47   49   51   52   54   55   55   55   55   55   56   58   61
   64   67   69   71   71   71   71   71   72   74   75   77   78   78   77   74
   71   68   65   62   61   60   60   62   64   66   68   70   71   72   72   73
   73   73   73   72   70   67   63   58   53
    57.5-180.0 180.0   5.0 450.0                            LAT/LON1/LON2/DLON/H
   55   50   45   41   35   30   24   20   16   15   15   16   19   23   26   30
   34   38   41   44   46   49   51   53   55   56   56   57   57   59   61   64
   67   70   72   73   73   73   73   74   75   76   78   79   80   79   78   76
   73   69   66   63   62   61   61   62   64   66   68   70   71   72   72   72
   72   72   73   72   71   68   64   59   55
    55.0-180.0 180.0   5.0 450.0                            LAT/LON1/LON2/DLON/H
   56   52   49   45   41   35   29   24   19   16   15   15   17   19   22   26
   30   34   37   41   44   47   49   52   55   56   58   58   59   61   63   66
   69   72   74   75   75   76   76   77   78   79   80   81   82   81   79   77
   74   72   69   66   64   63   63   64   65   67   69   71   71   71   71   70
   70   70   70   70   69   67   64   60   56
    52.5-180.0 180.0   5.0 450.0                            LAT/LON1/LON2/DLON/H
   57   55   53   51   48   43   38   32   26   22   19   18   17   18   20   22
   26   31   35   39   42   46   49   52   55   58   59   60   61   62   65   67
   70   73   75   76   77   79   80   81   83   83   84   84   83   82   81   79
   77   75   73   71   68   67   66   66   67   69   70   71   71   70   69   67
   66   66   67   67   67   65   63   60   57
    50.0-180.0 180.0   5.0 450.0                            LAT/LON1/LON2/DLON/H
   57   57   57   57   56   53   48   43   37   32   28   24   21   19   19   21
   25   29   34   39   43   46   50   54   57   59   61   62   62   63   65   68
   71   73   75   77   80   82   85   87   89   89   89   88   86   84   82   81
   80   79   78   75   73   70   68   68   69   70   71   72   71   70   67   65
   63   62   63   64   64   63   61   59   57
    47.5-180.0 180.0   5.0 450.0                            LAT/LON1/LON2/DLON/H
   58   58   61   63   64   62   59   55   50   45   39   34   28   24   22   22
   25   29   35   40   45   49   53   56   59   62   63   63   63   64   66   68
   71   73   75   78   83   87   91   95   96   96   94   92   89   86   84   83
   83   83   82   80   77   73   71   70   70   71   72   72   71   69   66   63
   61   60   61   62   62   62   61   59   58
    45.0-180.0 180.0   5.0 450.0                            LAT/LON1/LON2/DLON/H
   58   59   62   66   68   69   67   65   61   57   52   45   38   31   27   25
   27   31   37   43   48   53   56   60   62   64   65   65   64   65   66   68
   71   73   76   80   86   93   99  103  105  104  101   97   92   88   86   85
   86   87   86   84   80   76   73   72   72   73   74   73   72   69   67   64
   62   60   61   62   63   62   61   59   58
    42.5-180.0 180.0   5.0 450.0                            LAT/LON1/LON2/DLON/H
   59   59   63   67   70   72   72   71   70   67   63   56   48   40   33   30
   30   33   39   46   52   56   60   63   66   67   67   67   66   65   67   69
   71   74   78   83   91   99  106  111  113  111  107  102   96   92   89   89
   90   91   91   89   85   81   78   77   77   78   77   76   73   71   69   67
   65   64   64   64   65   65   63   60   59
    40.0-180.0 180.0   5.0 450.0                            LAT/LON1/LON2/DLON/H
   60   59   62   65   68   70   71   72   73   73   70   65   57   48   41   36
   34   36   41   48   54   59   63   66   68   70   70   69   67   67   68   70
   73   76   81   87   95  105  113  118  120  118  113  107  101   96   94   94
   96   98   98   96   93   89   87   86   86   86   84   80   77   75   73   72
   70   69   69   69   69   68   66   62   60
    37.5-180.0 180.0   5.0 450.0                            LAT/LON1/LON2/DLON/H
   61   59   60   62   64   65   67   69   72   74   74   70   64   56   48   42
   38   39   42   48   55   61   65   68   70   71   71   70   69   69   70   72
   76   79   84   91  100  110  118  124  125  123  119  113  108  103  101  102
  105  108  110  108  106  103  101  101  101   99   94   89   83   80   79   78
   78   77   75   74   74   72   69   65   61
    35.0-180.0 180.0   5.0 450.0                            LAT/LON1/LON2/DLON/H
   63   60   59   59   59   58   59   62   66   70   73   72   69   63   56   49
   43   41   43   48   55   61   65   68   70   72   73   72   71   71   73   76
   80   84   89   96  105  115  122  127  128  127  124  120  116  113  112  114
  118  123  125  126  124  123  122  122  121  117  109  100   92   87   86   86
   86   85   82   80   78   76   72   67   63
    32.5-180.0 180.0   5.0 450.0                            LAT/LON1/LON2/DLON/H
   65   61   59   57   54   52   51   53   58   64   69   71   70   67   62   55
   48   43   42   46   53   60   64   67   69   71   73   73   73   74   76   80
   84   89   95  102  110  119  125  130  131  131  129  127  125  124  126  129
  135  141  146  148  149  148  148  148  145  139  128  115  103   96   94   94
   94   92   88   84   80   77   74   69   65
    30.0-180.0 180.0   5.0 450.0                            LAT/LON1/LON2/DLON/H
   67   63   60   57   52   48   45   46   50   56   62   67   70   70   67   61
   52   45   42   44   51   57   62   65   67   70   72   74   75   76   79   84
   89   95  101  107  115  122  128  132  133  134  135  135  136  138  141  147
  154  162  169  173  175  176  176  175  171  161  147  131  116  106  102  102
  101   98   92   86   81   77   74   70   67
    27.5-180.0 180.0   5.0 450.0                            LAT/LON1/LON2/DLON/H
   68   65   63   59   53   47   42   42   45   50   56   62   67   70   70   65
   56   46   41   43   48   55   59   62   64   67   71   74   76   79   83   88
   94  101  107  113  120  126  131  134  136  139  141  144  148  152  157  165
  173  182  191  197  200  201  201  198  192  181  165  146  128  115  109  107
  106  102   95   87   80   75   72   70   68
    25.0-180.0 180.0   5.0 450.0                            LAT/LON1/LON2/DLON/H
   68   67   65   62   56   49   44   41   42   46   51   57   63   69   71   67
   58   48   41   41   46   52   57   59   61   64   69   73   77   81   86   93
  100  107  114  120  126  131  135  138  141  144  149  153  159  165  172  180
  189  199  208  216  219  220  218  214  206  195  178  158  138  124  115  112
  109  104   95   86   77   72   70   69   68
    22.5-180.0 180.0   5.0 450.0                            LAT/LON1/LON2/DLON/H
   67   67   67   65   61   54   48   44   44   45   48   53   59   65   69   67
   59   48   41   40   45   51   55   57   59   62   67   73   77   83   89   97
  106  114  121  127  133  137  140  143  147  151  156  161  168  175  183  192
  200  210  219  226  229  228  224  218  211  200  185  166  146  130  119  114
  110  104   95   84   74   69   66   66   67
    20.0-180.0 180.0   5.0 450.0                            LAT/LON1/LON2/DLON/H
   65   66   68   67   64   59   54   50   48   47   47   49   54   60   65   64
   57   47   40   39   43   50   54   56   57   61   66   72   78   85   93  102
  112  121  129  135  139  143  146  149  153  157  162  168  174  182  190  198
  205  213  221  227  228  225  219  213  206  198  186  169  151  133  121  114
  109  104   94   83   72   66   63   63   65
    17.5-180.0 180.0   5.0 450.0                            LAT/LON1/LON2/DLON/H
   61   63   65   66   66   62   58   55   53   50   48   47   50   54   58   58
   53   45   39   38   42   49   53   56   57   60   65   72   79   87   96  108
  119  128  136  141  146  149  152  155  159  163  167  171  177  185  193  199
  204  209  215  219  219  214  206  199  194  190  182  169  152  135  121  113
  108  102   93   82   71   64   61   60   61
    15.0-180.0 180.0   5.0 450.0                            LAT/LON1/LON2/DLON/H
   57   58   60   62   63   62   60   58   56   53   49   46   45   48   51   51
   48   42   37   37   41   48   53   56   57   60   65   72   80   90  100  113
  125  134  142  147  151  154  157  160  163  166  169  172  178  185  192  196
  199  201  204  206  204  198  189  183  181  180  176  166  151  134  120  110
  105  100   92   81   71   63   59   58   57
    12.5-180.0 180.0   5.0 450.0                            LAT/LON1/LON2/DLON/H
   54   53   53   56   57   58   58   58   57   53   49   44   42   42   43   43
   42   38   35   35   39   46   53   56   58   61   66   73   82   92  104  117
  129  139  145  150  153  156  159  162  164  166  168  170  175  182  189  192
  192  192  193  193  190  182  174  170  170  172  171  163  149  132  117  107
  101   97   90   81   71   63   58   55   54
    10.0-180.0 180.0   5.0 450.0                            LAT/LON1/LON2/DLON/H
   50   47   46   47   49   51   53   54   54   51   47   42   39   37   37   37
   36   34   33   34   38   45   52   57   59   62   67   75   84   95  107  120
  132  141  146  150  152  155  157  160  162  163  164  166  172  179  185  188
  187  186  185  184  180  173  166  163  165  169  168  160  146  128  113  103
   97   93   87   79   70   63   58   54   50
     7.5-180.0 180.0   5.0 450.0                            LAT/LON1/LON2/DLON/H
   48   43   40   39   40   42   45   47   48   47   44   40   36   33   32   32
   32   32   32   33   37   44   52   57   60   63   68   76   86   97  109  121
  132  140  144  146  148  150  153  155  157  158  159  162  168  176  183  186
  186  184  183  182  178  171  166  165  169  171  169  158  142  124  109   99
   93   88   83   76   68   62   58   53   48
     5.0-180.0 180.0   5.0 450.0                            LAT/LON1/LON2/DLON/H
   48   41   36   33   33   34   36   38   40   40   39   37   35   32   30   29
   30   31   32   33   37   43   51   56   60   63   68   77   87   98  109  120
  129  135  138  140  141  143  145  147  149  150  153  157  164  174  182  187
  187  187  187  186  183  177  174  174  177  178  171  157  138  120  105   95
   88   83   78   71   65   61   58   54   48
     2.5-180.0 180.0   5.0 450.0                            LAT/LON1/LON2/DLON/H
   49   42   35   31   29   28   29   30   32   33   34   34   33   31   29   28
   29   31   32   33   37   43   49   55   58   62   68   76   86   97  107  116
  124  129  131  132  133  134  136  137  140  143  146  152  161  172  182  188
  191  193  194  194  191  187  184  186  188  184  173  154  132  114  100   91
   84   78   72   66   61   59   57   54   49
