products/emrg1990.19i
     1.0            IONOSPHERE MAPS     GNSS                IONEX VERSION / TYPE
Run_GlbDaily        NRCan/CGS           20-Jul-19 08:36     PGM / RUN BY / DATE
NRCAN'S GLOBAL IONOSPHERE MAPS FOR DAY 199, 2019            COMMENT
Global ionosphere maps (GIM) are generated on a daily basis DESCRIPTION
Contact:     Reza.Ghoddousi-Fard@canada.ca                  DESCRIPTION
  2019     7    18     0     0     0                        EPOCH OF FIRST MAP
  2019     7    19     0     0     0                        EPOCH OF LAST MAP
  3600                                                      INTERVAL
    25                                                      # OF MAPS IN FILE
  MOD                                                       MAPPING FUNCTION
    10.0                                                    ELEVATION CUTOFF
One-way carrier phase leveled to code                       OBSERVABLES USED
   350                                                      # OF STATIONS
    53                                                      # OF SATELLITES
  6371.0                                                    BASE RADIUS
     2                                                      MAP DIMENSION
   450.0 450.0   0.0                                        HGT1 / HGT2 / DHGT
    87.5 -87.5  -2.5                                        LAT1 / LAT2 / DLAT
  -180.0 180.0   5.0                                        LON1 / LON2 / DLON
    -1                                                      EXPONENT
TEC/RMS values in 0.1 TECU; 9999, if no value available     COMMENT
DCB values in ns; zero-mean condition wrt satellite values  COMMENT
                                                            END OF HEADER
[from data line 3432]
     9                                                      START OF TEC MAP
  2019     7    18     8     0     0                        EPOCH OF CURRENT MAP
    87.5-180.0 180.0   5.0 450.0                            LAT/LON1/LON2/DLON/H
   63   62   61   61   60   60   59   59   59   58   58   58   58   58   58   58
   58   58   59   59   59   60   60   61   61   62   63   63   64   65   65   66
   67   68   69   70   70   71   72   73   73   74   74   75   75   75   76   76
   76   76   76   76   76   75   75   75   74   74   73   72   72   71   70   69
   69   68   67   66   65   65   64   63   63
    85.0-180.0 180.0   5.0 450.0                            LAT/LON1/LON2/DLON/H
   60   59   58   57   56   56   55   55   54   54   53   53   53   53   53   53
   53   53   54   54   54   55   56   57   58   59   60   61   62   64   65   67
   68   70   71   73   75   76   78   79   80   82   83   84   84   85   85   86
   86   86   86   85   85   84   84   83   82   81   80   78   77   76   74   73
   71   70   68   67   65   64   63   61   60
    82.5-180.0 180.0   5.0 450.0                            LAT/LON1/LON2/DLON/H
   60   58   57   56   55   54   54   53   52   52   52   51   51   51   51   51
   51   51   51   51   52   52   53   54   55   56   58   59   61   63   65   67
   70   72   74   76   79   81   83   85   87   88   90   91   92   93   94   94
   94   94   94   93   93   92   91   89   88   87   85   83   82   80   78   76
   74   72   70   68   66   64   63   61   60
    80.0-180.0 180.0   5.0 450.0                            LAT/LON1/LON2/DLON/H
   60   59   58   57   56   55   55   54   54   53   53   53   52   52   52   51
   51   51   51   51   51   52   52   53   54   56   57   59   61   63   66   68
   71   74   76   79   82   84   87   89   91   93   95   96   97   98   99   99
   99   99   98   98   97   96   94   93   91   90   88   87   85   83   81   79
   77   75   72   70   68   66   64   62   60
    77.5-180.0 180.0   5.0 450.0                            LAT/LON1/LON2/DLON/H
   63   61   60   59   59   58   58   57   57   57   56   56   55   55   54   53
   53   52   52   52   52   52   52   53   54   56   58   60   62   64   67   69
   72   75   78   81   83   86   89   91   93   95   97   98  100  100  101  101
  101  100   99   98   97   96   95   93   92   90   89   88   86   85   83   81
   80   77   75   73   71   69   66   64   63
    75.0-180.0 180.0   5.0 450.0                            LAT/LON1/LON2/DLON/H
   66   65   64   63   62   62   61   61   61   60   60   59   58   57   56   55
   55   54   53   53   53   53   53   54   55   57   59   61   63   66   68   71
   74   76   79   81   84   87   89   91   93   95   97   98   99   99  100   99
   99   98   97   96   94   93   92   90   89   88   88   87   86   86   85   84
   82   80   79   76   74   72   70   68   66
    72.5-180.0 180.0   5.0 450.0                            LAT/LON1/LON2/DLON/H
   70   69   68   67   66   66   65   65   64   63   62   61   60   59   57   56
   55   54   53   53   53   53   54   55   56   58   60   63   65   68   70   73
   75   77   79   81   83   86   88   90   91   93   94   95   96   96   96   96
   95   94   93   91   89   88   86   85   85   85   85   85   85   86   86   85
   85   83   82   80   78   76   74   72   70
    70.0-180.0 180.0   5.0 450.0                            LAT/LON1/LON2/DLON/H
   74   72   71   70   69   69   68   67   66   65   63   61   60   58   56   55
   54   53   52   52   52   52   53   54   56   59   61   64   67   70   72   74
   76   77   79   80   82   84   86   87   89   90   91   91   92   92   92   91
   90   89   88   86   84   82   81   80   80   81   82   83   84   86   86   87
   87   86   85   83   81   79   77   75   74
    67.5-180.0 180.0   5.0 450.0                            LAT/LON1/LON2/DLON/H
   77   75   74   73   71   70   69   67   66   64   62   60   58   55   53   52
   51   50   49   49   49   50   51   53   55   58   62   66   69   72   74   75
   76   77   78   79   80   82   84   85   87   87   88   88   88   88   88   87
   87   85   84   82   79   78   76   76   76   78   80   82   84   86   87   88
   88   88   87   85   84   82   80   79   77
    65.0-180.0 180.0   5.0 450.0                            LAT/LON1/LON2/DLON/H
   79   78   76   74   72   70   68   66   64   62   60   57   55   52   50   48
   46   45   45   45   46   47   48   50   53   57   61   65   69   72   74   75
   76   76   76   77   78   81   83   85   86   86   86   86   86   86   86   85
   85   84   82   79   77   75   74   74   75   77   80   83   85   88   89   90
   89   89   88   87   85   84   83   81   79
    62.5-180.0 180.0   5.0 450.0                            LAT/LON1/LON2/DLON/H
   81   80   77   75   72   69   66   64   62   60   57   54   52   48   46   43
   42   41   40   41   41   42   44   46   50   54   59   64   68   72   74   75
   75   74   75   76   78   80   83   85   87   87   87   86   86   85   86   86
   86   84   82   80   77   75   74   74   75   78   81   85   88   90   91   91
   90   89   88   87   86   85   84   83   81
    60.0-180.0 180.0   5.0 450.0                            LAT/LON1/LON2/DLON/H
   83   81   79   75   71   68   64   62   59   57   55   52   49   46   43   40
   37   36   36   36   37   38   39   42   45   50   55   61   66   70   72   73
   73   73   73   75   78   81   85   88   89   90   89   88   87   87   88   88
   88   87   85   82   79   77   76   76   78   81   85   88   91   93   94   92
   91   89   87   86   85   85   85   84   83
    57.5-180.0 180.0   5.0 450.0                            LAT/LON1/LON2/DLON/H
   85   83   80   76   71   66   63   60   58   56   54   52   49   45   41   37
   34   32   32   32   32   33   34   37   40   45   50   56   62   66   69   71
   71   72   73   75   79   83   88   91   93   93   92   91   90   90   91   92
   93   92   89   86   83   80   79   79   81   84   88   92   95   97   96   94
   91   88   86   84   84   85   86   86   85
    55.0-180.0 180.0   5.0 450.0                            LAT/LON1/LON2/DLON/H
   87   86   82   77   72   66   62   59   57   56   55   53   49   45   41   36
   32   30   28   28   29   29   30   32   35   40   45   51   57   62   65   68
   70   71   74   77   81   86   91   95   97   97   95   94   94   94   96   97
   98   97   94   91   87   84   82   82   84   86   90   94   98   99   99   96
   92   88   85   84   84   85   86   87   87
    52.5-180.0 180.0   5.0 450.0                            LAT/LON1/LON2/DLON/H
   90   88   85   80   74   68   63   60   58   57   56   54   51   46   41   36
   31   28   26   26   26   27   27   29   31   35   41   46   52   57   61   65
   68   72   75   80   84   89   94   98   99   99   98   97   97   98  100  102
  102  101   99   95   91   88   86   85   85   87   91   95   99  101  100   97
   92   88   85   83   84   86   88   89   90
    50.0-180.0 180.0   5.0 450.0                            LAT/LON1/LON2/DLON/H
   92   91   88   82   76   70   65   62   60   60   58   56   52   47   42   36
   31   27   25   24   25   25   26   27   29   33   38   43   47   52   57   62
   67   73   78   83   88   92   96   99  100  100   99   98   99  101  103  105
  106  105  102   99   95   92   89   88   86   87   89   93   97  101  101   99
   94   89   86   85   85   87   89   91   92
    47.5-180.0 180.0   5.0 450.0                            LAT/LON1/LON2/DLON/H
   93   92   89   84   78   72   68   65   63   62   60   57   53   48   42   37
   31   27   25   24   25   26   27   28   29   33   36   40   44   48   52   59
   67   74   81   86   91   94   97   99  100   99   99   99  100  103  105  107
  108  107  105  102   99   96   94   91   88   86   86   89   95  100  102  100
   96   91   88   87   88   90   91   93   93
    45.0-180.0 180.0   5.0 450.0                            LAT/LON1/LON2/DLON/H
   93   92   89   85   80   74   70   68   66   64   61   57   53   48   42   37
   32   28   25   25   26   27   29   29   31   34   37   40   42   45   49   57
   66   76   84   89   93   96   98   99   99   98   98   99  101  104  107  109
  110  110  108  106  104  102  100   96   90   86   84   86   92   98  102  102
   98   95   92   92   93   93   93   93   93
    42.5-180.0 180.0   5.0 450.0                            LAT/LON1/LON2/DLON/H
   91   89   87   83   79   75   72   71   69   66   62   57   52   47   42   37
   33   29   27   26   28   30   31   32   34   37   40   42   42   43   47   55
   66   77   86   91   95   97   98   98   97   97   97   99  102  105  108  110
  112  112  112  111  111  110  108  104   97   89   84   85   90   98  103  104
  102   99   98   98   99   97   95   93   91
    40.0-180.0 180.0   5.0 450.0                            LAT/LON1/LON2/DLON/H
   88   85   83   80   77   74   73   72   70   67   62   56   51   46   42   38
   34   30   28   28   30   33   34   35   37   40   43   45   44   43   45   53
   65   77   86   92   96   98   99   99   97   96   97  100  104  107  110  112
  114  116  117  118  119  120  119  115  107   97   89   87   92   99  106  108
  106  105  105  106  106  103   97   92   88
    37.5-180.0 180.0   5.0 450.0                            LAT/LON1/LON2/DLON/H
   84   80   77   75   73   72   72   72   71   68   62   57   51   46   42   39
   35   31   29   30   32   35   36   37   38   42   46   47   46   44   45   52
   64   77   86   92   96   99  101  101   99   98   99  102  106  110  112  114
  117  121  124  127  130  132  133  130  122  110   99   94   97  104  110  112
  112  111  113  115  114  108  100   91   84
    35.0-180.0 180.0   5.0 450.0                            LAT/LON1/LON2/DLON/H
   82   76   72   70   69   70   71   72   71   68   64   58   53   48   44   40
   36   32   30   30   33   36   37   37   38   42   47   49   48   45   45   52
   63   75   84   91   96  102  105  105  103  101  102  106  110  113  115  118
  122  128  134  138  141  145  148  148  140  127  114  106  107  112  117  119
  118  119  121  124  123  115  103   91   82
    32.5-180.0 180.0   5.0 450.0                            LAT/LON1/LON2/DLON/H
   80   74   69   67   66   68   70   71   71   69   66   62   57   51   46   41
   36   31   29   30   33   36   37   36   36   40   46   50   49   45   45   51
   62   73   81   88   96  105  110  111  109  106  106  110  114  117  119  122
  129  137  144  149  153  158  163  165  160  147  132  122  119  123  126  127
  126  127  130  134  132  122  107   92   80
    30.0-180.0 180.0   5.0 450.0                            LAT/LON1/LON2/DLON/H
   82   75   70   67   66   67   69   70   70   70   69   66   62   55   48   41
   35   30   27   28   32   35   35   33   32   36   43   48   48   45   45   51
   60   70   77   85   96  107  116  118  114  111  111  115  119  121  123  128
  136  147  156  161  165  170  176  181  178  167  151  138  133  135  137  137
  135  135  140  143  140  129  111   94   82
    27.5-180.0 180.0   5.0 450.0                            LAT/LON1/LON2/DLON/H
   86   79   75   71   69   69   69   69   69   70   72   71   67   59   49   40
   33   27   23   24   28   32   32   29   26   29   37   44   46   44   45   50
   58   66   73   81   94  109  120  123  119  115  115  119  123  125  127  133
  144  157  167  172  175  179  186  193  192  183  167  153  147  147  148  147
  144  144  148  152  148  135  116   98   86
    25.0-180.0 180.0   5.0 450.0                            LAT/LON1/LON2/DLON/H
   92   87   83   79   75   72   71   69   68   70   73   75   71   61   49   38
   30   23   19   20   24   29   29   25   21   23   30   38   41   42   43   49
   57   63   68   77   92  109  122  125  122  119  119  122  125  127  130  137
  150  165  176  181  183  185  192  199  201  193  179  165  158  157  158  156
  153  153  156  159  154  139  120  103   92
    22.5-180.0 180.0   5.0 450.0                            LAT/LON1/LON2/DLON/H
  100   96   94   88   82   77   72   68   66   68   73   77   73   62   48   36
   27   20   15   15   19   24   25   21   16   17   24   31   36   38   41   48
   55   59   64   72   88  107  121  125  123  120  120  124  127  128  132  140
  155  171  183  188  187  188  194  201  204  197  184  171  165  165  166  165
  162  161  163  163  157  142  123  108  100
    20.0-180.0 180.0   5.0 450.0                            LAT/LON1/LON2/DLON/H
  107  106  104   98   90   81   73   66   63   65   71   75   72   60   46   33
   25   18   13   11   14   20   21   18   12   12   18   25   30   34   38   46
   52   56   60   68   84  103  117  122  121  120  121  125  127  129  133  143
  159  175  187  191  190  189  193  199  201  196  184  173  168  169  172  172
  169  167  167  166  158  143  125  112  107
    17.5-180.0 180.0   5.0 450.0                            LAT/LON1/LON2/DLON/H
  112  114  114  106   95   82   72   63   58   60   66   71   68   57   43   32
   25   19   13    9   10   15   18   16   11    9   13   20   25   29   35   43
   50   54   57   66   81   98  112  117  118  119  122  125  127  128  133  145
  161  176  187  191  190  189  190  193  195  190  181  172  168  170  175  176
  174  171  169  166  157  141  125  114  112
    15.0-180.0 180.0   5.0 450.0                            LAT/LON1/LON2/DLON/H
  116  120  120  111   96   81   68   58   53   53   59   64   62   52   41   33
   28   23   15    8    7   12   16   15   11    9   11   16   20   25   32   41
   49   53   56   64   78   94  105  111  114  117  122  125  126  128  134  146
  162  176  185  189  189  187  187  188  187  183  176  169  167  170  175  177
  175  172  168  163  154  139  123  115  116
    12.5-180.0 180.0   5.0 450.0                            LAT/LON1/LON2/DLON/H
  117  122  122  111   94   76   62   52   47   47   52   56   55   48   40   36
   34   29   20   10    6    9   13   14   12   10   11   14   17   21   29   39
   48   53   57   65   77   90  100  106  111  117  122  125  125  128  136  149
  163  174  182  185  187  186  184  183  181  178  173  168  166  168  172  175
  173  169  165  159  150  135  121  115  117
    10.0-180.0 180.0   5.0 450.0                            LAT/LON1/LON2/DLON/H
  117  122  120  108   87   68   54   45   41   41   44   48   48   44   40   40
   41   37   26   13    5    7   11   14   13   11   11   13   15   19   27   38
   48   54   60   67   78   88   95  101  108  116  122  124  125  128  139  153
  165  173  178  182  185  185  183  180  177  175  172  169  166  165  167  169
  168  164  159  153  145  132  120  114  117
     7.5-180.0 180.0   5.0 450.0                            LAT/LON1/LON2/DLON/H
  115  119  116  101   79   59   46   40   37   36   38   40   41   40   41   45
   48   45   32   16    6    5   10   13   13   12   12   13   14   18   26   37
   49   57   64   71   80   87   93   99  107  116  122  123  124  130  143  158
  168  173  175  179  183  186  183  179  176  175  175  172  167  163  161  161
  160  156  151  147  140  130  120  114  115
     5.0-180.0 180.0   5.0 450.0                            LAT/LON1/LON2/DLON/H
  114  115  111   94   71   51   40   36   35   34   33   33   35   37   42   48
   53   50   37   20    8    5    8   12   13   13   13   13   14   18   26   38
   50   60   68   75   82   87   91   97  105  115  120  121  123  131  147  164
  173  175  175  178  184  187  185  180  177  179  181  178  170  160  154  151
  149  146  142  139  136  129  120  114  114
     2.5-180.0 180.0   5.0 450.0                            LAT/LON1/LON2/DLON/H
  111  111  105   88   65   46   37   36   35   33   29   28   29   34   41   49
   54   51   39   22   10    5    7   10   12   13   13   13   14   18   26   39
   52   63   71   78   84   87   90   95  103  112  116  117  121  133  152  170
  178  178  176  179  186  190  187  182  179  182  186  183  171  157  146  140
  138  135  132  131  131  128  121  114  111
