products/emrg1990.19i
     1.0            IONOSPHERE MAPS     GNSS                IONEX VERSION / TYPE
Run_GlbDaily        NRCan/CGS           20-Jul-19 08:36     PGM / RUN BY / DATE
NRCAN'S GLOBAL IONOSPHERE MAPS FOR DAY 199, 2019            COMMENT
Global ionosphere maps (GIM) are generated on a daily basis DESCRIPTION
Contact:     Reza.Ghoddousi-Fard@canada.ca                  DESCRIPTION
  2019     7    18     0     0     0                        EPOCH OF FIRST MAP
  2019     7    19     0     0     0                        EPOCH OF LAST MAP
  3600                                                      INTERVAL
    25                                                      # OF MAPS IN FILE
  MOD                                                       MAPPING FUNCTION
    10.0                                                    ELEVATION CUTOFF
One-way carrier phase leveled to code                       OBSERVABLES USED
   350                                                      # OF STATIONS
    53                                                      # OF SATELLITES
  6371.0                                                    BASE RADIUS
     2                                                      MAP DIMENSION
   450.0 450.0   0.0                                        HGT1 / HGT2 / DHGT
    87.5 -87.5  -2.5                                        LAT1 / LAT2 / DLAT
  -180.0 180.0   5.0                                        LON1 / LON2 / DLON
    -1                                                      EXPONENT
TEC/RMS values in 0.1 TECU; 9999, if no value available     COMMENT
DCB values in ns; zero-mean condition wrt satellite values  COMMENT
                                                            END OF HEADER
[from data line 2574]
     7                                                      START OF TEC MAP
  2019     7    18     6     0     0                        EPOCH OF CURRENT MAP
    87.5-180.0 180.0   5.0 450.0                            LAT/LON1/LON2/DLON/H
   69   68   67   67   66   65   65   64   64   63   63   63   63   63   62   62
   63   63   63   63   64   64   65   65   66   66   67   68   69   69   70   71
   72   73   73   74   75   76   76   77   78   78   79   79   80   80   81   81
   81   81   81   81   81   81   81   80   80   80   79   79   78   77   77   76
   75   74   74   73   72   71   70   70   69
    85.0-180.0 180.0   5.0 450.0                            LAT/LON1/LON2/DLON/H
   67   65   64   63   62   61   60   59   58   57   57   56   56   55   55   55
   55   55   56   56   57   58   58   59   61   62   63   65   66   68   69   71
   72   74   75   76   78   79   80   81   83   84   85   85   86   87   88   88
   89   89   89   89   89   89   89   88   88   87   86   85   84   83   81   80
   78   77   75   74   72   71   69   68   67
    82.5-180.0 180.0   5.0 450.0                            LAT/LON1/LON2/DLON/H
   66   65   63   62   61   59   58   57   56   55   54   53   52   51   51   50
   50   50   51   51   52   53   54   55   57   59   61   63   65   67   69   71
   73   75   77   78   80   81   83   84   85   86   88   89   90   91   92   93
   93   94   95   95   95   95   95   95   94   93   92   90   89   87   85   83
   81   79   77   75   73   71   69   68   66
    80.0-180.0 180.0   5.0 450.0                            LAT/LON1/LON2/DLON/H
   67   66   65   64   62   61   60   59   57   56   54   53   52   51   50   49
   49   48   48   49   49   50   52   53   55   57   59   62   64   67   69   72
   74   76   78   79   81   82   83   84   85   87   88   89   90   91   92   94
   95   96   97   98   98   98   98   98   97   97   95   94   92   90   88   85
   83   81   78   76   74   72   70   69   67
    77.5-180.0 180.0   5.0 450.0                            LAT/LON1/LON2/DLON/H
   70   69   68   68   67   65   64   63   61   60   58   56   55   53   52   50
   49   49   48   48   49   50   51   52   54   57   59   62   64   67   70   72
   74   76   78   79   80   81   82   83   84   84   85   86   87   89   90   92
   93   94   96   97   98   98   99   99   98   98   97   95   93   91   89   86
   84   82   79   77   75   74   72   71   70
    75.0-180.0 180.0   5.0 450.0                            LAT/LON1/LON2/DLON/H
   74   74   73   73   72   71   70   68   67   65   63   61   59   57   55   53
   52   51   50   50   50   50   51   53   54   57   59   62   65   68   70   72
   74   76   77   78   79   79   80   80   81   81   82   83   84   85   86   88
   90   91   93   94   95   96   97   97   97   96   96   94   93   91   89   87
   84   82   80   78   77   76   75   74   74
    72.5-180.0 180.0   5.0 450.0                            LAT/LON1/LON2/DLON/H
   78   78   78   78   77   76   75   73   72   70   67   65   63   61   58   57
   55   54   52   52   51   51   52   53   54   56   59   62   64   67   70   72
   74   75   76   76   77   77   77   77   77   78   78   79   80   82   83   85
   86   88   89   90   91   92   93   93   93   93   93   92   91   90   88   86
   84   82   81   79   78   78   77   77   78
    70.0-180.0 180.0   5.0 450.0                            LAT/LON1/LON2/DLON/H
   81   81   81   81   81   80   78   76   74   72   70   68   65   63   61   59
   57   55   54   53   52   52   52   52   54   55   58   60   63   66   68   70
   71   73   73   74   74   74   74   75   75   76   76   77   79   80   81   83
   84   85   86   87   88   88   88   88   89   89   89   89   88   88   87   85
   84   83   81   80   80   80   80   80   81
    67.5-180.0 180.0   5.0 450.0                            LAT/LON1/LON2/DLON/H
   83   83   83   83   82   80   79   77   75   73   71   68   66   64   62   59
   57   55   54   53   51   51   50   51   52   53   55   58   61   63   65   67
   68   69   70   70   71   72   73   73   74   75   76   78   79   81   82   84
   85   85   86   85   85   84   84   84   84   84   85   85   86   86   86   85
   84   83   82   81   81   81   82   82   83
    65.0-180.0 180.0   5.0 450.0                            LAT/LON1/LON2/DLON/H
   84   84   83   82   81   79   77   75   73   71   70   68   65   63   60   58
   55   53   51   50   49   48   47   47   48   49   52   54   57   59   61   62
   64   64   65   67   68   70   71   73   75   77   78   80   82   84   86   87
   88   88   87   86   84   82   81   81   80   81   82   83   84   85   85   85
   84   84   83   82   82   82   83   83   84
    62.5-180.0 180.0   5.0 450.0                            LAT/LON1/LON2/DLON/H
   84   84   83   81   79   77   75   73   71   69   68   66   64   61   58   55
   52   49   47   45   44   43   42   42   43   44   47   50   52   55   56   57
   58   60   61   63   66   68   71   74   76   79   81   84   86   89   91   92
   92   92   90   88   85   82   80   79   79   79   80   81   83   84   85   85
   85   84   83   83   82   83   83   84   84
    60.0-180.0 180.0   5.0 450.0                            LAT/LON1/LON2/DLON/H
   85   84   83   81   78   75   73   71   69   68   67   66   63   60   56   51
   47   43   41   39   38   37   36   36   37   39   42   45   48   50   51   52
   53   55   57   60   64   68   71   75   78   81   84   87   90   93   96   97
   98   97   94   91   87   84   81   80   79   79   80   81   83   85   86   87
   86   85   84   83   83   83   84   84   85
    57.5-180.0 180.0   5.0 450.0                            LAT/LON1/LON2/DLON/H
   86   85   84   82   79   76   73   71   69   69   68   66   64   60   54   48
   42   38   34   32   31   30   30   31   32   35   38   41   43   45   47   48
   49   51   54   59   63   68   72   76   79   82   86   89   93   97  100  102
  103  102   99   95   91   87   84   82   81   81   82   83   85   86   88   88
   88   86   84   83   83   83   84   85   86
    55.0-180.0 180.0   5.0 450.0                            LAT/LON1/LON2/DLON/H
   88   88   88   86   83   79   76   73   72   71   70   69   66   60   54   46
   39   33   29   27   26   26   26   27   29   31   34   37   40   42   43   44
   45   48   53   58   64   69   73   76   79   83   86   90   95   99  103  106
  107  106  103   99   94   90   87   85   84   84   84   85   86   88   90   90
   89   87   85   84   83   84   85   87   88
    52.5-180.0 180.0   5.0 450.0                            LAT/LON1/LON2/DLON/H
   92   93   93   92   89   86   82   78   76   75   74   72   68   62   54   45
   37   30   25   23   22   23   24   25   28   30   33   36   38   39   40   41
   43   46   52   58   64   70   74   76   79   82   85   90   95  100  104  107
  109  109  106  102   97   93   91   89   88   87   87   87   88   90   91   92
   91   88   86   84   84   85   87   90   92
    50.0-180.0 180.0   5.0 450.0                            LAT/LON1/LON2/DLON/H
   96   99  100   99   97   93   88   84   81   78   77   75   70   64   56   46
   37   29   25   22   22   23   24   26   29   31   34   36   37   37   37   38
   41   45   51   58   65   70   74   76   78   80   84   89   95   99  104  108
  110  110  109  105  100   96   94   93   92   91   89   88   89   91   93   94
   93   90   87   86   86   88   90   93   96
    47.5-180.0 180.0   5.0 450.0                            LAT/LON1/LON2/DLON/H
  101  104  106  106  104  100   94   89   84   81   78   76   72   65   57   48
   38   31   26   24   25   26   28   30   32   34   36   36   36   35   35   36
   39   44   51   59   65   70   73   75   76   80   84   90   95   99  104  107
  111  112  111  107  103  100   98   97   96   94   91   88   89   91   94   95
   95   92   89   88   89   91   94   98  101
    45.0-180.0 180.0   5.0 450.0                            LAT/LON1/LON2/DLON/H
  105  108  111  111  109  104   98   91   86   81   78   75   71   65   58   49
   41   34   30   28   29   31   32   34   36   38   39   38   36   34   33   34
   38   43   50   58   65   70   72   74   76   80   85   91   96  100  104  107
  111  114  114  111  107  103  102  102  100   97   92   89   88   91   95   97
   97   95   93   92   93   96   99  102  105
    42.5-180.0 180.0   5.0 450.0                            LAT/LON1/LON2/DLON/H
  109  111  112  112  110  105   98   91   85   80   76   72   68   63   57   50
   43   38   34   33   34   36   38   39   41   42   41   39   36   33   31   32
   36   42   49   57   64   69   72   74   77   82   89   95  100  102  105  108
  113  117  118  116  111  108  107  107  105  100   94   89   89   92   97  100
  100   99   97   98  100  103  105  107  109
    40.0-180.0 180.0   5.0 450.0                            LAT/LON1/LON2/DLON/H
  112  111  111  109  106  101   94   88   82   77   73   69   65   61   56   51
   45   40   38   37   39   41   42   43   44   45   43   40   36   32   30   31
   35   40   47   55   62   68   72   75   80   87   94  101  105  106  106  109
  115  121  124  122  118  115  114  114  112  106   98   92   91   95  101  104
  105  104  104  105  108  111  112  112  112
    37.5-180.0 180.0   5.0 450.0                            LAT/LON1/LON2/DLON/H
  114  111  107  104   99   94   88   84   79   75   71   66   62   58   55   51
   46   42   40   40   42   43   45   46   46   46   44   40   35   30   29   30
   34   39   45   53   60   67   73   78   84   92  101  107  110  109  109  111
  118  126  131  130  126  123  122  123  120  113  104   98   97  101  107  110
  111  111  112  115  119  121  120  118  114
    35.0-180.0 180.0   5.0 450.0                            LAT/LON1/LON2/DLON/H
  117  110  103   97   91   86   82   79   78   75   71   66   61   57   54   50
   46   41   39   40   42   44   45   45   45   45   43   39   33   29   28   30
   33   38   44   51   59   68   75   82   90   98  107  113  114  112  110  113
  121  131  138  138  135  133  133  133  131  123  114  107  106  110  115  118
  119  120  123  127  131  132  130  124  117
    32.5-180.0 180.0   5.0 450.0                            LAT/LON1/LON2/DLON/H
  120  110  100   91   83   79   77   77   78   77   74   68   63   58   54   50
   44   39   36   37   39   42   42   42   43   42   40   36   32   28   27   30
   33   37   43   50   59   69   79   87   95  104  112  117  117  114  111  114
  124  136  144  146  144  142  143  145  143  135  126  119  118  121  125  127
  128  130  134  140  144  144  139  131  120
    30.0-180.0 180.0   5.0 450.0                            LAT/LON1/LON2/DLON/H
  125  112   99   88   80   75   75   78   82   83   80   74   67   61   56   50
   43   36   32   32   35   38   38   38   38   38   37   33   29   27   27   29
   33   37   42   50   60   72   83   92  100  108  114  118  117  113  111  115
  126  140  150  153  152  151  153  156  154  147  139  133  132  135  137  138
  138  141  146  153  157  155  148  137  125
    27.5-180.0 180.0   5.0 450.0                            LAT/LON1/LON2/DLON/H
  130  116  102   90   81   76   77   82   87   89   86   80   72   65   58   50
   41   32   27   27   30   33   34   33   32   32   32   29   26   25   26   29
   32   36   41   49   61   75   87   96  103  109  114  116  115  111  109  114
  126  141  152  157  157  158  162  165  164  158  151  147  147  149  149  148
  148  151  158  165  168  164  156  143  130
    25.0-180.0 180.0   5.0 450.0                            LAT/LON1/LON2/DLON/H
  134  121  108   96   87   82   83   87   92   95   92   85   77   69   61   51
   39   28   22   21   25   29   29   28   27   27   26   25   23   23   24   27
   30   33   39   49   62   76   89   98  104  108  111  112  110  107  107  113
  126  141  153  158  160  162  167  171  170  166  161  159  160  160  159  156
  156  161  168  174  175  170  160  147  134
    22.5-180.0 180.0   5.0 450.0                            LAT/LON1/LON2/DLON/H
  138  127  116  106   97   92   91   93   96   97   94   87   79   71   62   52
   38   25   18   17   21   25   25   24   22   21   21   20   19   20   22   24
   26   30   36   47   61   76   88   97  102  105  106  107  105  103  105  112
  125  140  151  157  159  163  168  172  172  169  166  167  169  169  166  162
  163  168  176  181  179  171  160  149  138
    20.0-180.0 180.0   5.0 450.0                            LAT/LON1/LON2/DLON/H
  139  132  125  118  110  103   98   96   96   95   91   85   77   70   62   51
   37   23   15   15   19   23   23   20   18   17   17   16   16   17   18   20
   21   25   32   43   58   73   85   94   99  101  101  101  100  100  103  111
  125  138  148  154  157  161  167  170  170  168  167  170  173  172  168  165
  166  173  180  183  178  168  157  147  139
    17.5-180.0 180.0   5.0 450.0                            LAT/LON1/LON2/DLON/H
  139  136  134  129  122  113  104   97   92   88   84   78   71   66   59   50
   36   23   15   14   18   22   21   19   16   14   13   12   12   14   15   16
   16   19   27   39   53   67   79   88   94   96   97   96   97   98  103  112
  124  136  145  150  153  158  163  166  165  163  165  169  173  172  167  164
  167  175  181  181  173  161  150  143  139
    15.0-180.0 180.0   5.0 450.0                            LAT/LON1/LON2/DLON/H
  136  138  140  138  132  120  106   94   84   78   73   67   63   59   55   47
   35   23   15   15   18   21   21   18   14   12   11    9   10   11   13   13
   12   15   22   33   47   60   71   81   88   92   93   93   94   97  103  112
  124  135  142  146  149  154  158  160  158  158  161  166  169  167  162  161
  165  174  179  177  166  153  142  137  136
    12.5-180.0 180.0   5.0 450.0                            LAT/LON1/LON2/DLON/H
  133  138  143  144  137  123  105   87   74   66   60   56   53   52   50   44
   35   24   17   16   19   21   20   17   14   12   10    8    8   10   12   12
   11   12   18   28   40   52   63   74   83   88   91   92   93   97  104  113
  125  134  140  143  146  150  154  155  153  153  157  162  164  161  156  155
  162  171  175  170  158  145  135  132  133
    10.0-180.0 180.0   5.0 450.0                            LAT/LON1/LON2/DLON/H
  131  137  144  145  138  122  100   79   64   54   49   45   44   45   45   41
   34   25   19   18   19   20   18   16   14   12   10    8    8   11   13   13
   12   13   18   25   35   44   55   67   78   86   89   91   93   98  105  114
  125  134  139  142  145  148  151  152  151  151  155  160  159  154  148  149
  157  167  169  163  151  139  130  128  131
     7.5-180.0 180.0   5.0 450.0                            LAT/LON1/LON2/DLON/H
  129  135  142  143  134  117   93   72   56   46   41   38   38   39   41   39
   33   25   20   19   19   18   16   14   14   12   10    9    9   13   16   17
   17   17   20   25   31   39   49   62   75   83   88   90   93   97  105  114
  125  134  139  142  144  148  151  152  152  154  157  159  156  148  142  144
  153  161  163  156  145  135  129  127  129
     5.0-180.0 180.0   5.0 450.0                            LAT/LON1/LON2/DLON/H
  130  133  137  137  128  109   86   66   51   42   37   34   34   36   38   37
   32   26   21   19   18   16   13   12   13   13   11   10   11   16   21   23
   23   23   24   27   30   36   45   59   72   81   85   88   91   96  104  113
  124  133  139  142  145  149  153  156  157  160  163  162  154  143  136  139
  148  156  156  150  142  135  131  129  130
     2.5-180.0 180.0   5.0 450.0                            LAT/LON1/LON2/DLON/H
  131  131  132  129  119  101   80   63   50   42   36   33   33   35   37   35
   30   25   21   19   16   13   10   10   12   13   13   11   13   18   25   29
   30   30   30   30   31   35   44   57   69   78   82   84   88   94  101  111
  121  131  138  142  146  151  157  161  165  169  170  166  154  140  132  134
  143  149  149  144  140  137  135  133  131
