products/emrg1990.19i
     1.0            IONOSPHERE MAPS     GNSS                IONEX VERSION / TYPE
Run_GlbDaily        NRCan/CGS           20-Jul-19 08:36     PGM / RUN BY / DATE
NRCAN'S GLOBAL IONOSPHERE MAPS FOR DAY 199, 2019            COMMENT
Global ionosphere maps (GIM) are generated on a daily basis DESCRIPTION
Contact:     Reza.Ghoddousi-Fard@canada.ca                  DESCRIPTION
  2019     7    18     0     0     0                        EPOCH OF FIRST MAP
  2019     7    19     0     0     0                        EPOCH OF LAST MAP
  3600                                                      INTERVAL
    25                                                      # OF MAPS IN FILE
  MOD                                                       MAPPING FUNCTION
    10.0                                                    ELEVATION CUTOFF
One-way carrier phase leveled to code                       OBSERVABLES USED
   350                                                      # OF STATIONS
    53                                                      # OF SATELLITES
  6371.0                                                    BASE RADIUS
     2                                                      MAP DIMENSION
   450.0 450.0   0.0                                        HGT1 / HGT2 / DHGT
    87.5 -87.5  -2.5                                        LAT1 / LAT2 / DLAT
  -180.0 180.0   5.0                                        LON1 / LON2 / DLON
    -1                                                      EXPONENT
TEC/RMS values in 0.1 TECU; 9999, if no value available     COMMENT
DCB values in ns; zero-mean condition wrt satellite values  COMMENT
                                                            END OF HEADER
[from data line 1287]
     4                                                      START OF TEC MAP
  2019     7    18     3     0     0                        EPOCH OF CURRENT MAP
    87.5-180.0 180.0   5.0 450.0                            LAT/LON1/LON2/DLON/H
   73   72   72   72   71   71   70   70   70   69   69   69   69   69   69   69
   69   69   69   69   69   70   70   70   71   71   72   72   72   73   73   74
   74   75   75   76   76   76   77   77   77   78   78   78   78   79   79   79
   79   79   79   79   79   79   79   79   78   78   78   78   77   77   77   77
   76   76   75   75   75   74   74   73   73
    85.0-180.0 180.0   5.0 450.0                            LAT/LON1/LON2/DLON/H
   73   72   71   71   70   69   68   67   67   66   66   65   65   64   64   64
   64   64   64   64   65   65   66   67   67   68   69   70   71   72   73   74
   75   76   77   77   78   79   79   80   80   81   81   81   82   82   82   82
   83   83   83   83   83   83   83   83   82   82   82   82   81   81   80   80
   79   78   78   77   76   75   75   74   73
    82.5-180.0 180.0   5.0 450.0                            LAT/LON1/LON2/DLON/H
   75   74   73   72   71   69   68   67   66   65   64   63   62   61   61   60
   60   60   60   60   61   62   62   63   64   66   67   68   70   71   73   74
   75   76   77   78   79   80   80   81   81   82   82   83   83   83   84   84
   85   85   85   86   86   86   86   86   86   86   86   85   85   84   83   83
   82   81   81   80   79   78   77   76   75
    80.0-180.0 180.0   5.0 450.0                            LAT/LON1/LON2/DLON/H
   78   77   76   75   73   72   70   69   67   66   64   63   62   60   60   59
   58   58   58   58   58   59   60   60   62   63   64   66   68   70   71   73
   74   76   77   78   79   79   80   80   80   80   81   81   82   82   83   84
   85   86   87   87   88   89   89   89   89   89   89   89   88   87   87   86
   85   84   84   83   82   81   80   79   78
    77.5-180.0 180.0   5.0 450.0                            LAT/LON1/LON2/DLON/H
   82   81   80   79   77   76   74   72   70   69   67   65   63   62   61   60
   59   58   58   57   57   57   58   58   59   60   62   63   65   67   69   71
   72   74   75   76   76   77   77   77   77   77   77   78   78   79   81   82
   84   85   87   88   89   90   91   91   92   92   92   91   91   90   89   89
   88   87   86   85   85   84   83   83   82
    75.0-180.0 180.0   5.0 450.0                            LAT/LON1/LON2/DLON/H
   85   85   84   83   82   80   79   77   75   73   71   69   67   65   64   63
   61   60   59   59   58   58   57   57   58   58   59   61   62   64   66   67
   69   70   71   72   72   73   72   72   72   72   72   73   74   76   77   80
   82   84   86   88   89   91   92   92   93   93   93   93   93   92   91   91
   90   89   88   87   87   86   86   85   85
    72.5-180.0 180.0   5.0 450.0                            LAT/LON1/LON2/DLON/H
   87   87   87   86   85   84   83   81   79   77   75   73   72   70   68   67
   65   64   63   62   60   59   58   57   57   57   57   58   59   60   62   64
   65   66   67   68   68   68   68   67   67   67   68   69   70   72   75   77
   80   82   85   87   89   90   91   92   93   93   93   93   93   93   92   92
   91   89   88   88   87   87   87   87   87
    70.0-180.0 180.0   5.0 450.0                            LAT/LON1/LON2/DLON/H
   87   88   89   89   88   87   86   84   83   81   79   78   76   74   73   71
   70   68   66   65   63   61   60   58   57   56   56   56   56   57   59   60
   61   62   62   63   63   63   63   63   63   64   65   66   68   70   73   76
   79   81   84   85   87   88   89   90   91   92   92   93   93   93   93   92
   91   89   88   87   86   86   86   87   87
    67.5-180.0 180.0   5.0 450.0                            LAT/LON1/LON2/DLON/H
   87   88   89   90   90   89   88   86   85   84   82   81   80   78   77   75
   73   71   69   67   65   63   61   59   57   56   55   55   55   55   56   57
   57   57   58   58   58   58   59   60   61   62   64   66   68   71   74   77
   79   81   83   84   85   85   86   87   88   89   90   91   92   92   92   91
   90   88   86   85   84   83   84   85   87
    65.0-180.0 180.0   5.0 450.0                            LAT/LON1/LON2/DLON/H
   86   88   90   91   90   90   88   87   86   85   84   84   83   81   79   77
   75   73   70   68   66   64   62   59   57   56   55   54   54   54   55   54
   54   54   53   53   54   55   56   58   60   62   65   67   70   73   76   79
   80   82   82   82   82   82   82   83   84   86   87   89   91   92   92   91
   90   87   85   83   81   81   82   84   86
    62.5-180.0 180.0   5.0 450.0                            LAT/LON1/LON2/DLON/H
   87   89   91   92   91   90   88   87   86   86   85   85   84   83   81   78
   75   72   70   67   65   63   61   59   57   56   55   55   55   55   54   54
   52   51   49   49   50   52   54   57   60   64   67   70   74   77   80   82
   83   83   82   81   80   79   79   80   81   83   85   87   89   91   92   91
   90   87   84   81   79   79   81   83   87
    60.0-180.0 180.0   5.0 450.0                            LAT/LON1/LON2/DLON/H
   89   92   94   94   93   91   89   87   86   86   86   86   85   84   81   78
   74   70   67   64   62   60   59   57   56   55   55   55   56   56   55   53
   51   48   46   45   46   49   52   56   61   65   69   74   78   81   84   85
   86   85   83   81   79   78   77   78   80   82   84   86   88   90   91   91
   90   87   83   80   78   79   81   85   89
    57.5-180.0 180.0   5.0 450.0                            LAT/LON1/LON2/DLON/H
   93   97   99   98   96   93   90   87   86   86   86   87   86   84   81   77
   72   68   64   61   59   57   56   55   54   54   55   56   57   57   56   54
   50   46   43   42   43   46   50   55   61   66   71   75   80   84   86   88
   88   87   85   82   80   78   78   79   80   82   84   86   88   90   91   92
   91   88   84   80   79   80   83   88   93
    55.0-180.0 180.0   5.0 450.0                            LAT/LON1/LON2/DLON/H
   99  103  105  103  100   96   92   89   87   87   87   88   87   85   82   77
   71   66   61   58   55   54   53   53   53   53   54   56   58   58   57   53
   49   44   40   39   40   43   48   53   59   64   70   75   80   84   87   89
   90   89   87   85   82   81   81   81   83   84   85   86   87   89   91   92
   91   88   85   81   80   82   87   93   99
    52.5-180.0 180.0   5.0 450.0                            LAT/LON1/LON2/DLON/H
  106  110  111  110  105  100   95   92   89   89   89   89   89   87   83   78
   72   65   60   56   53   52   51   51   52   52   54   56   57   57   56   52
   47   41   37   36   37   41   46   51   56   61   66   72   77   82   86   89
   91   91   90   89   87   85   85   85   86   86   86   85   86   88   90   91
   91   89   85   83   83   86   92   99  106
    50.0-180.0 180.0   5.0 450.0                            LAT/LON1/LON2/DLON/H
  112  116  117  115  111  106  100   96   93   91   91   91   90   88   85   80
   73   67   61   57   54   52   51   51   51   52   53   55   56   55   53   49
   44   39   35   34   36   39   43   48   52   56   61   67   72   78   83   87
   91   93   94   93   92   90   89   89   89   88   86   85   84   86   88   90
   91   89   86   84   85   90   97  105  112
    47.5-180.0 180.0   5.0 450.0                            LAT/LON1/LON2/DLON/H
  116  121  122  120  116  111  106  101   97   95   94   93   92   90   87   83
   77   70   64   59   56   54   53   53   53   53   53   54   54   52   50   46
   41   37   34   34   36   39   42   45   47   51   55   61   67   73   78   84
   90   94   97   98   96   94   92   91   90   89   86   84   83   84   86   89
   90   89   87   86   88   93  101  110  116
    45.0-180.0 180.0   5.0 450.0                            LAT/LON1/LON2/DLON/H
  119  123  124  123  121  117  112  107  102   99   97   95   94   92   90   86
   80   74   68   63   60   58   56   56   55   55   54   53   51   49   45   41
   38   35   34   36   38   41   42   43   44   46   51   56   62   68   74   81
   88   95  100  102  100   96   93   91   90   88   85   83   81   82   85   88
   89   89   88   88   91   98  106  113  119
    42.5-180.0 180.0   5.0 450.0                            LAT/LON1/LON2/DLON/H
  120  123  124  125  124  121  117  112  107  104  100   98   96   94   92   89
   84   78   72   67   64   62   60   59   58   57   55   53   49   45   41   37
   35   34   36   39   42   44   44   43   42   44   48   53   59   65   71   78
   87   96  102  104  102   97   92   89   87   86   85   82   81   82   85   88
   89   90   90   92   97  103  111  116  120
    40.0-180.0 180.0   5.0 450.0                            LAT/LON1/LON2/DLON/H
  121  122  124  125  126  124  121  116  112  108  104  101   98   96   94   91
   87   81   75   71   67   65   63   62   61   60   57   53   48   42   38   35
   34   35   39   43   47   48   47   44   42   43   47   53   59   64   70   77
   87   97  104  106  102   95   88   85   84   85   85   84   83   84   87   89
   91   93   94   98  104  111  117  120  121
    37.5-180.0 180.0   5.0 450.0                            LAT/LON1/LON2/DLON/H
  124  122  123  125  127  127  124  120  115  112  108  104  101   99   97   94
   89   83   76   72   68   66   64   63   62   61   58   54   47   41   36   34
   34   37   43   48   52   52   50   46   43   44   49   55   60   65   69   77
   87   97  105  106  101   92   85   81   82   85   87   88   89   89   91   93
   95   98  102  108  115  122  126  126  124
    35.0-180.0 180.0   5.0 450.0                            LAT/LON1/LON2/DLON/H
  128  124  123  126  128  128  125  121  118  115  112  109  106  103  101   97
   91   83   76   71   67   65   63   62   61   61   59   54   47   40   36   34
   36   40   46   52   56   56   52   48   45   46   51   57   62   66   70   77
   87   98  106  106   99   90   82   80   83   88   93   95   97   97   98   99
  102  106  112  121  130  136  137  133  128
    32.5-180.0 180.0   5.0 450.0                            LAT/LON1/LON2/DLON/H
  135  128  126  128  130  129  125  122  120  119  117  114  111  109  107  102
   94   83   74   68   64   62   60   58   58   58   57   53   47   41   36   36
   38   43   49   55   58   57   53   49   46   47   52   58   63   66   70   77
   88   99  107  106   99   89   82   82   87   95  102  106  107  106  106  107
  110  115  125  136  146  151  150  144  135
    30.0-180.0 180.0   5.0 450.0                            LAT/LON1/LON2/DLON/H
  144  135  132  132  132  130  125  122  121  122  122  120  118  116  114  108
   97   83   71   63   60   57   55   53   53   53   53   50   46   41   38   37
   40   45   50   56   58   57   52   48   46   47   52   57   62   65   70   77
   89  100  107  106   99   90   86   88   95  105  113  117  118  116  115  115
  118  127  138  152  162  167  164  155  144
    27.5-180.0 180.0   5.0 450.0                            LAT/LON1/LON2/DLON/H
  154  144  140  138  136  131  126  123  123  126  128  127  125  123  121  114
  100   83   68   58   54   52   50   47   46   47   47   46   44   40   38   38
   40   44   49   53   55   53   49   45   43   45   49   54   58   62   67   76
   89  100  107  106  100   94   92   97  106  117  125  129  128  125  123  122
  127  138  151  166  177  181  177  166  154
    25.0-180.0 180.0   5.0 450.0                            LAT/LON1/LON2/DLON/H
  163  154  149  146  142  135  128  124  127  131  133  132  130  129  127  120
  103   82   64   54   50   48   45   41   39   39   40   41   40   38   37   36
   38   40   44   48   49   48   45   41   39   40   43   47   51   55   62   74
   87   99  106  105  101   98  100  107  118  128  136  138  137  133  129  129
  135  147  162  177  187  189  185  175  163
    22.5-180.0 180.0   5.0 450.0                            LAT/LON1/LON2/DLON/H
  170  163  158  154  149  140  132  128  131  137  139  137  134  133  131  123
  105   81   61   49   45   44   40   36   32   31   33   35   35   35   34   33
   33   35   38   41   42   41   39   36   35   35   37   39   43   48   56   69
   85   97  103  103  101  102  107  117  128  138  143  145  142  138  134  134
  142  155  170  183  191  192  188  180  170
    20.0-180.0 180.0   5.0 450.0                            LAT/LON1/LON2/DLON/H
  174  169  166  163  157  147  138  135  138  143  145  141  136  134  132  123
  104   79   57   45   42   41   37   32   27   25   26   28   30   30   29   28
   27   27   30   33   35   35   33   31   30   29   30   31   34   39   49   64
   81   94  100  100  100  104  113  125  135  143  147  148  145  140  137  138
  147  159  173  183  189  189  186  180  174
    17.5-180.0 180.0   5.0 450.0                            LAT/LON1/LON2/DLON/H
  175  173  172  171  165  156  147  143  146  150  150  143  135  130  127  119
  101   75   53   41   39   39   35   29   23   21   22   23   25   25   24   22
   20   20   22   26   28   29   28   27   25   24   24   24   26   31   43   59
   76   89   95   96   97  104  116  128  138  144  147  147  145  141  139  142
  150  162  173  180  182  181  179  177  175
    15.0-180.0 180.0   5.0 450.0                            LAT/LON1/LON2/DLON/H
  172  174  176  177  173  165  157  152  154  157  154  144  132  124  119  111
   94   70   49   38   36   37   34   28   22   19   19   20   21   21   20   17
   15   15   17   21   23   24   24   23   22   21   20   19   20   25   37   53
   71   84   89   90   94  103  116  129  137  141  144  144  144  142  141  144
  152  162  170  174  174  172  171  171  172
    12.5-180.0 180.0   5.0 450.0                            LAT/LON1/LON2/DLON/H
  168  173  178  181  180  174  166  161  162  164  159  145  128  115  108  101
   85   64   45   36   35   35   33   27   21   18   18   19   19   19   17   15
   13   14   16   19   21   21   21   20   19   18   18   17   17   22   32   49
   66   79   83   85   89  100  115  127  134  137  139  141  143  143  143  146
  153  161  167  168  166  164  163  165  168
    10.0-180.0 180.0   5.0 450.0                            LAT/LON1/LON2/DLON/H
  164  170  177  184  186  181  173  168  168  169  162  146  124  107   97   89
   76   58   42   34   33   33   31   26   21   19   20   20   19   18   16   15
   15   16   19   20   21   20   19   18   17   17   17   16   16   19   29   45
   62   74   78   80   85   98  113  124  130  132  135  139  142  144  145  148
  154  160  163  163  161  159  159  161  164
     7.5-180.0 180.0   5.0 450.0                            LAT/LON1/LON2/DLON/H
  161  166  175  184  188  185  177  171  171  172  165  147  122  100   87   78
   68   54   42   35   33   32   28   24   21   21   22   22   21   19   18   19
   21   23   24   24   22   20   17   15   15   15   16   17   16   19   27   41
   58   69   74   76   83   96  112  122  127  129  132  138  143  145  147  149
  153  157  160  161  159  158  158  158  161
     5.0-180.0 180.0   5.0 450.0                            LAT/LON1/LON2/DLON/H
  158  162  170  181  187  184  176  169  169  172  166  148  121   96   79   70
   62   52   42   36   33   30   26   22   21   23   24   24   23   21   22   25
   29   32   32   29   25   20   16   13   12   13   16   17   17   18   25   39
   54   66   70   73   81   96  112  122  126  128  132  138  143  146  146  148
  151  154  158  160  161  161  160  158  158
     2.5-180.0 180.0   5.0 450.0                            LAT/LON1/LON2/DLON/H
  155  156  164  175  182  179  170  163  164  168  165  149  122   94   75   64
   58   52   45   38   33   28   23   20   20   24   26   27   25   24   26   31
   37   41   40   34   27   19   14   11   10   12   15   17   17   18   24   36
   52   62   67   71   81   97  113  123  126  128  132  138  142  144  144  144
  146  150  154  160  164  166  164  159  155
