products/emrg1990.19i
     1.0            IONOSPHERE MAPS     GNSS                IONEX VERSION / TYPE
Run_GlbDaily        NRCan/CGS           20-Jul-19 08:36     PGM / RUN BY / DATE
NRCAN'S GLOBAL IONOSPHERE MAPS FOR DAY 199, 2019            COMMENT
Global ionosphere maps (GIM) are generated on a daily basis DESCRIPTION
Contact:     Reza.Ghoddousi-Fard@canada.ca                  DESCRIPTION
  2019     7    18     0     0     0                        EPOCH OF FIRST MAP
  2019     7    19     0     0     0                        EPOCH OF LAST MAP
  3600                                                      INTERVAL
    25                                                      # OF MAPS IN FILE
  MOD                                                       MAPPING FUNCTION
    10.0                                                    ELEVATION CUTOFF
One-way carrier phase leveled to code                       OBSERVABLES USED
   350                                                      # OF STATIONS
    53                                                      # OF SATELLITES
  6371.0                                                    BASE RADIUS
     2                                                      MAP DIMENSION
   450.0 450.0   0.0                                        HGT1 / HGT2 / DHGT
    87.5 -87.5  -2.5                                        LAT1 / LAT2 / DLAT
  -180.0 180.0   5.0                                        LON1 / LON2 / DLON
    -1                                                      EXPONENT
TEC/RMS values in 0.1 TECU; 9999, if no value available     COMMENT
DCB values in ns; zero-mean condition wrt satellite values  COMMENT
                                                            END OF HEADER
[from data line 6864]
    17                                                      START OF TEC MAP
  2019     7    18    16     0     0                        EPOCH OF CURRENT MAP
    87.5-180.0 180.0   5.0 450.0                            LAT/LON1/LON2/DLON/H
   69   69   69   69   69   69   69   69   69   69   69   69   69   69   69   70
   70   70   70   70   70   70   71   71   71   72   72   72   73   73   73   74
   74   74   75   75   75   76   76   76   76   77   77   77   77   77   77   77
   76   76   76   76   75   75   75   74   74   73   73   73   72   72   72   71
   71   71   70   70   70   70   70   70   69
    85.0-180.0 180.0   5.0 450.0                            LAT/LON1/LON2/DLON/H
   69   69   69   69   69   69   69   69   69   69   69   69   69   69   69   69
   69   69   69   69   69   69   70   70   70   71   71   72   73   74   74   75
   76   77   77   78   79   80   80   81   81   82   82   82   83   83   83   82
   82   82   81   80   79   79   78   77   76   75   74   73   72   71   71   70
   69   69   69   69   68   68   68   69   69
    82.5-180.0 180.0   5.0 450.0                            LAT/LON1/LON2/DLON/H
   70   70   71   71   72   72   72   72   72   72   71   71   71   70   70   69
   69   69   69   68   68   69   69   69   70   70   71   72   73   74   75   76
   78   79   80   81   82   83   84   85   85   86   87   87   88   88   88   88
   87   87   86   85   83   82   80   79   77   75   74   72   71   70   69   68
   68   68   67   68   68   68   69   69   70
    80.0-180.0 180.0   5.0 450.0                            LAT/LON1/LON2/DLON/H
   73   74   75   76   76   77   77   76   76   76   75   74   74   73   72   71
   71   70   69   69   69   69   69   69   70   71   72   73   74   75   77   78
   79   80   82   83   84   85   86   87   88   88   89   90   91   91   92   91
   91   90   89   88   86   84   82   80   77   75   73   71   70   69   68   67
   66   66   67   67   68   69   70   72   73
    77.5-180.0 180.0   5.0 450.0                            LAT/LON1/LON2/DLON/H
   77   78   80   81   82   82   82   81   81   80   79   78   77   76   75   74
   73   72   71   70   70   70   70   70   71   71   73   74   75   77   78   80
   81   82   83   83   84   85   85   86   87   88   89   90   91   92   93   93
   93   92   91   89   87   84   82   79   76   74   72   70   68   67   66   66
   66   66   67   68   69   71   73   75   77
    75.0-180.0 180.0   5.0 450.0                            LAT/LON1/LON2/DLON/H
   80   83   85   86   87   87   86   85   84   83   82   81   79   78   77   76
   75   74   73   72   72   71   71   71   72   73   74   76   77   79   80   82
   82   83   83   83   83   83   83   84   84   85   87   88   89   91   91   92
   92   91   89   87   85   82   79   76   74   72   70   68   67   66   66   65
   65   66   67   68   70   72   75   78   80
    72.5-180.0 180.0   5.0 450.0                            LAT/LON1/LON2/DLON/H
   82   85   88   89   90   90   89   88   86   85   83   82   81   80   79   78
   77   76   76   75   74   74   73   73   74   75   76   78   80   81   83   84
   84   84   83   82   81   81   80   80   80   81   83   84   86   87   88   89
   89   88   86   84   81   77   74   72   70   68   67   67   66   66   66   66
   66   66   67   68   70   72   75   79   82
    70.0-180.0 180.0   5.0 450.0                            LAT/LON1/LON2/DLON/H
   82   86   89   91   91   91   89   88   86   85   83   82   81   81   80   79
   79   78   77   77   76   76   76   76   76   77   79   80   82   84   85   85
   85   84   82   81   79   78   77   76   76   77   79   80   82   84   85   85
   85   83   81   78   74   71   68   66   64   64   64   65   66   67   67   67
   67   66   66   66   68   70   74   78   82
    67.5-180.0 180.0   5.0 450.0                            LAT/LON1/LON2/DLON/H
   80   85   88   90   90   90   88   86   85   83   82   81   81   81   80   80
   80   79   79   78   78   78   77   77   78   79   80   82   84   85   86   86
   85   83   81   78   76   75   74   73   74   75   76   78   79   81   81   81
   80   78   75   71   67   64   61   59   58   59   61   64   66   68   69   68
   67   65   63   63   63   66   70   75   80
    65.0-180.0 180.0   5.0 450.0                            LAT/LON1/LON2/DLON/H
   76   82   86   88   88   87   86   84   83   82   81   81   81   80   80   80
   79   79   79   79   79   79   78   79   79   80   81   83   85   86   86   85
   83   81   78   76   74   72   72   72   73   74   76   77   78   79   79   78
   77   74   70   65   61   57   54   52   53   55   59   63   66   69   70   69
   67   64   60   58   58   60   64   70   76
    62.5-180.0 180.0   5.0 450.0                            LAT/LON1/LON2/DLON/H
   72   79   83   86   86   85   84   82   81   81   81   81   81   81   80   80
   79   78   78   78   78   79   79   79   79   80   82   83   85   86   86   84
   81   78   75   73   71   71   72   73   75   76   78   79   79   79   78   77
   74   71   66   61   56   51   49   48   49   53   57   62   67   70   71   70
   66   61   56   52   51   53   58   65   72
    60.0-180.0 180.0   5.0 450.0                            LAT/LON1/LON2/DLON/H
   70   77   82   84   85   84   83   82   82   81   82   82   82   81   81   79
   78   77   76   77   77   78   78   79   79   80   81   83   84   85   84   82
   79   75   72   70   70   71   73   75   77   79   80   81   81   80   78   76
   73   69   64   58   53   49   46   46   48   51   56   61   66   69   70   69
   65   59   53   48   46   48   53   61   70
    57.5-180.0 180.0   5.0 450.0                            LAT/LON1/LON2/DLON/H
   69   77   82   85   85   85   85   84   84   84   84   84   84   83   82   80
   78   76   75   75   75   76   77   78   78   79   81   82   84   84   83   80
   77   73   70   69   70   72   75   78   80   82   83   83   82   81   79   76
   73   69   64   59   53   49   47   47   49   52   56   61   65   67   68   67
   63   57   50   45   43   45   51   60   69
    55.0-180.0 180.0   5.0 450.0                            LAT/LON1/LON2/DLON/H
   72   79   85   87   88   88   88   89   89   88   88   87   87   85   84   81
   78   75   73   73   74   75   76   77   78   78   80   82   83   84   82   79
   75   71   69   69   71   74   77   81   83   84   84   84   82   80   78   76
   73   70   66   61   56   52   50   50   52   54   57   60   62   64   64   64
   61   56   50   45   43   46   52   62   72
    52.5-180.0 180.0   5.0 450.0                            LAT/LON1/LON2/DLON/H
   76   83   88   90   92   93   94   95   95   94   92   91   90   88   86   83
   79   75   73   72   73   74   75   76   77   78   79   81   83   84   82   79
   75   72   70   71   73   77   80   82   84   84   84   83   81   79   77   75
   74   71   68   64   59   55   54   54   56   57   58   58   58   59   59   60
   59   56   52   48   46   49   56   66   76
    50.0-180.0 180.0   5.0 450.0                            LAT/LON1/LON2/DLON/H
   80   87   91   94   96   98  100  102  101  100   97   94   92   90   88   85
   81   77   74   72   72   74   75   77   77   78   79   81   83   84   83   80
   76   74   73   74   77   81   83   83   83   82   81   80   78   76   75   74
   74   73   71   67   62   59   57   58   60   60   59   57   54   53   54   56
   57   57   55   52   51   54   61   70   80
    47.5-180.0 180.0   5.0 450.0                            LAT/LON1/LON2/DLON/H
   82   88   92   95   98  101  105  107  107  104  100   97   94   92   91   88
   84   79   75   73   73   75   76   77   78   79   80   82   83   84   83   81
   78   77   77   80   83   85   85   84   82   80   78   77   75   73   73   73
   74   74   73   69   64   61   60   61   62   62   60   55   50   47   48   52
   56   59   59   57   56   59   65   73   82
    45.0-180.0 180.0   5.0 450.0                            LAT/LON1/LON2/DLON/H
   81   86   89   92   96  101  107  111  111  108  103   99   96   94   93   91
   87   82   78   75   75   76   78   79   79   80   81   82   84   84   84   82
   81   81   83   86   89   90   89   86   82   79   76   75   73   72   71   73
   75   76   75   71   66   62   61   62   64   63   59   53   46   43   44   49
   56   60   62   61   59   61   66   73   81
    42.5-180.0 180.0   5.0 450.0                            LAT/LON1/LON2/DLON/H
   75   80   83   86   90   97  104  110  112  110  106  101   98   96   95   93
   90   85   81   78   78   79   80   80   81   81   82   83   84   85   84   84
   84   86   89   93   96   96   93   88   83   79   77   76   75   73   72   74
   76   78   77   72   66   61   61   62   64   63   58   51   44   41   42   48
   55   61   63   62   60   60   63   69   75
    40.0-180.0 180.0   5.0 450.0                            LAT/LON1/LON2/DLON/H
   67   70   72   75   80   88   97  105  110  111  109  105  101   98   97   95
   92   87   83   80   80   81   82   82   82   83   83   84   85   85   85   86
   88   91   96  100  103  102   98   93   87   84   82   81   79   77   75   76
   79   81   79   73   66   61   60   62   64   62   57   50   44   41   42   48
   55   60   62   60   57   56   58   62   67
    37.5-180.0 180.0   5.0 450.0                            LAT/LON1/LON2/DLON/H
   57   59   60   62   67   75   85   95  105  110  112  109  105  101   98   96
   92   87   84   82   82   83   84   84   83   84   85   86   87   87   87   89
   92   97  102  107  109  108  104   99   94   91   89   88   86   83   80   80
   83   84   82   75   68   63   62   64   64   61   56   50   45   43   45   49
   54   58   59   56   52   49   50   53   57
    35.0-180.0 180.0   5.0 450.0                            LAT/LON1/LON2/DLON/H
   48   49   49   49   52   58   69   82   97  109  116  116  111  105  100   96
   91   86   83   83   84   85   86   85   85   85   87   89   89   90   91   93
   97  103  109  113  115  114  111  107  103  100   98   97   94   90   86   85
   87   87   85   78   71   67   66   67   66   62   55   50   47   47   49   51
   54   55   55   51   46   43   43   45   48
    32.5-180.0 180.0   5.0 450.0                            LAT/LON1/LON2/DLON/H
   41   42   40   39   38   42   52   68   88  107  120  123  118  110  102   95
   89   84   82   82   85   87   87   86   86   87   90   92   94   95   97  100
  104  110  115  118  120  119  117  115  112  109  107  105  101   96   91   89
   90   91   88   82   76   73   74   74   70   63   55   50   49   51   53   53
   53   52   50   47   42   39   38   39   41
    30.0-180.0 180.0   5.0 450.0                            LAT/LON1/LON2/DLON/H
   39   39   37   32   28   28   36   53   79  105  124  130  125  115  104   95
   87   82   79   81   85   88   89   88   88   90   94   98  101  103  105  108
  113  117  122  123  123  123  122  121  119  116  113  109  105   99   94   92
   92   93   91   87   83   82   83   82   75   64   54   50   51   55   57   55
   52   48   46   44   41   38   37   38   39
    27.5-180.0 180.0   5.0 450.0                            LAT/LON1/LON2/DLON/H
   41   41   38   32   24   19   24   41   71  103  127  135  130  118  106   96
   86   79   76   79   85   90   91   90   90   93   99  105  110  113  116  118
  122  125  128  128  126  125  125  125  123  120  114  110  105   99   94   92
   93   94   93   90   88   90   93   90   80   66   53   49   51   56   58   55
   49   45   43   43   42   40   39   40   41
    25.0-180.0 180.0   5.0 450.0                            LAT/LON1/LON2/DLON/H
   45   47   45   37   26   16   17   33   64  100  127  137  132  120  107   97
   87   78   74   77   85   91   93   93   93   97  105  113  120  125  127  129
  131  133  134  132  128  126  126  126  124  118  111  105  100   95   92   90
   91   92   92   91   92   96  100   97   84   66   51   46   49   55   56   52
   45   41   41   44   45   44   43   43   45
    22.5-180.0 180.0   5.0 450.0                            LAT/LON1/LON2/DLON/H
   50   54   54   46   33   20   17   30   60   96  123  134  130  119  108   99
   88   78   73   76   84   92   95   96   98  103  111  121  130  136  139  139
  139  140  138  135  130  126  125  125  121  114  104   97   92   89   87   86
   87   89   89   90   92   98  102   99   84   64   47   41   45   50   52   46
   40   37   39   45   48   48   46   46   50
    20.0-180.0 180.0   5.0 450.0                            LAT/LON1/LON2/DLON/H
   51   59   63   58   45   30   23   32   58   91  117  127  124  115  108  101
   91   80   73   75   84   93   98  100  103  109  119  129  139  145  148  147
  145  144  142  138  131  125  123  122  117  107   95   88   84   83   82   81
   82   84   84   85   89   95   99   95   80   60   43   36   38   43   44   39
   33   32   37   45   49   48   45   45   51
    17.5-180.0 180.0   5.0 450.0                            LAT/LON1/LON2/DLON/H
   48   61   70   69   57   42   33   37   58   85  108  116  114  109  106  103
   95   83   74   75   84   93  100  104  108  116  126  137  146  152  154  152
  149  147  145  140  132  125  121  118  111   99   87   80   78   78   78   77
   77   78   78   79   81   87   90   86   72   53   37   30   31   34   34   29
   25   26   34   43   48   45   40   40   48
    15.0-180.0 180.0   5.0 450.0                            LAT/LON1/LON2/DLON/H
   42   59   73   77   69   55   44   45   59   80   97  103  102  101  104  105
   99   87   77   77   85   94  101  107  114  123  133  143  151  157  157  154
  150  148  147  142  134  125  119  115  107   94   82   75   74   75   75   73
   72   72   71   71   72   76   77   73   61   45   32   25   23   24   23   20
   18   21   30   40   43   37   30   31   42
    12.5-180.0 180.0   5.0 450.0                            LAT/LON1/LON2/DLON/H
   32   53   72   81   77   66   55   52   60   74   86   91   91   94  101  106
  103   92   81   80   86   94  102  109  118  129  139  147  154  159  158  154
  149  148  148  144  136  126  118  112  104   92   81   75   75   76   75   72
   69   67   65   63   63   65   64   59   50   38   28   21   18   16   14   12
   12   17   26   35   35   28   18   18   32
    10.0-180.0 180.0   5.0 450.0                            LAT/LON1/LON2/DLON/H
   22   46   68   80   81   73   64   58   60   69   77   80   82   87   97  106
  105   96   86   84   88   95  101  110  121  134  144  151  156  158  157  152
  148  147  148  146  138  128  119  112  103   93   83   78   78   79   76   70
   66   62   60   58   57   56   54   48   40   32   26   20   15   11    8    7
    9   14   23   30   28   18    7    7   22
     7.5-180.0 180.0   5.0 450.0                            LAT/LON1/LON2/DLON/H
   15   40   63   77   80   76   68   62   60   64   70   74   76   83   94  104
  106   99   91   89   92   96  101  109  123  137  147  153  156  157  156  151
  146  146  148  147  140  129  119  111  104   95   88   84   84   82   77   69
   63   59   56   54   54   52   48   42   35   30   26   21   14    8    5    5
    8   14   22   27   23   11 9999 9999   15
     5.0-180.0 180.0   5.0 450.0                            LAT/LON1/LON2/DLON/H
   13   37   58   71   75   74   69   62   59   61   67   71   74   80   91  102
  105  102   96   94   95   97  100  108  123  139  150  154  155  156  154  150
  145  145  147  147  140  129  119  111  104   98   93   90   88   84   76   67
   60   56   53   53   54   54   49   41   34   31   30   25   17   10    6    7
   11   17   23   27   22   10 9999 9999   13
     2.5-180.0 180.0   5.0 450.0                            LAT/LON1/LON2/DLON/H
   18   38   55   64   68   69   66   60   57   60   66   72   76   80   89   98
  103  103  100   99   99   99   99  107  123  140  151  154  154  154  152  149
  145  143  145  144  138  128  117  109  103   99   96   94   90   83   73   63
   56   52   51   54   58   60   55   46   38   35   34   31   22   14   11   12
   16   22   27   30   25   14    3    4   18
